-0.167493
-0.167493
-0.167493
-0.167493
-0.167493
-0.167493
-0.167493
-0.167499
-0.167501
-0.167508
-0.167516
-0.167522
-0.167536
-0.167548
-0.167557
-0.167578
-0.167594
-0.167607
-0.167635
-0.167654
-0.167670
-0.167706
-0.167729
-0.167748
-0.167790
-0.167817
-0.167840
-0.167889
-0.167919
-0.167946
-0.168003
-0.168036
-0.168066
-0.168130
-0.168167
-0.168201
-0.168271
-0.168312
-0.168349
-0.168427
-0.168471
-0.168512
-0.168596
-0.168644
-0.168688
-0.168780
-0.168832
-0.168879
-0.168978
-0.169033
-0.169084
-0.169190
-0.169249
-0.169304
-0.169417
-0.169479
-0.169537
-0.169657
-0.169722
-0.169784
-0.169912
-0.169981
-0.170046
-0.170180
-0.170253
-0.170322
-0.170463
-0.170539
-0.170612
-0.170760
-0.170840
-0.170916
-0.171071
-0.171154
-0.171234
-0.171396
-0.171483
-0.171566
-0.171736
-0.171826
-0.171913
-0.172089
-0.172183
-0.172273
-0.172457
-0.172554
-0.172648
-0.172839
-0.172940
-0.173037
-0.173235
-0.173339
-0.173440
-0.173645
-0.173753
-0.173857
-0.174069
-0.174181
-0.174288
-0.174508
-0.174622
-0.174734
-0.174960
-0.175079
-0.175193
-0.175427
-0.175549
-0.175667
-0.175908
-0.176033
-0.176155
-0.176403
-0.176532
-0.176657
-0.176912
-0.177044
-0.177173
-0.177435
-0.177571
-0.177704
-0.177972
-0.178112
-0.178248
-0.178524
-0.178667
-0.178807
-0.179089
-0.179236
-0.179379
-0.179669
-0.179819
-0.179966
-0.180263
-0.180417
-0.180567
-0.180871
-0.181028
-0.181182
-0.181493
-0.181654
-0.181812
-0.182130
-0.182294
-0.182455
-0.182780
-0.182948
-0.183113
-0.183445
-0.183616
-0.183784
-0.184124
-0.184299
-0.184470
-0.184817
-0.184995
-0.185170
-0.185524
-0.185706
-0.185884
-0.186245
-0.186430
-0.186612
-0.186980
-0.187169
-0.187355
-0.187730
-0.187922
-0.188111
-0.188493
-0.188689
-0.188882
-0.189271
-0.189471
-0.189667
-0.190063
-0.190266
-0.190466
-0.190869
-0.191076
-0.191279
-0.191689
-0.191899
-0.192106
-0.192523
-0.192737
-0.192948
-0.193372
-0.193589
-0.193803
-0.194234
-0.194455
-0.194673
-0.195111
-0.195336
-0.195557
-0.196002
-0.196230
-0.196455
-0.196907
-0.197139
-0.197367
-0.197826
-0.198061
-0.198293
-0.198759
-0.198998
-0.199233
-0.199707
-0.199949
-0.200188
-0.200668
-0.200914
-0.201156
-0.201644
-0.201893
-0.202139
-0.202634
-0.202887
-0.203136
-0.203638
-0.203894
-0.204147
-0.204656
-0.204916
-0.205172
-0.205688
-0.205952
-0.206212
-0.206735
-0.207002
-0.207265
-0.207795
-0.208066
-0.208333
-0.208870
-0.209144
-0.209414
-0.209959
-0.210236
-0.210510
-0.211062
-0.211343
-0.211620
-0.212179
-0.212463
-0.212744
-0.213310
-0.213598
-0.213883
-0.214455
-0.214747
-0.215035
-0.215615
-0.215910
-0.216202
-0.216788
-0.217087
-0.217382
-0.217976
-0.218279
-0.218577
-0.219178
-0.219484
-0.219786
-0.220394
-0.220704
-0.221009
-0.221624
-0.221937
-0.222247
-0.222869
-0.223185
-0.223498
-0.224127
-0.224447
-0.224763
-0.225400
-0.225723
-0.226043
-0.226686
-0.227013
-0.227337
-0.227987
-0.228318
-0.228645
-0.229302
-0.229636
-0.229967
-0.230631
-0.230969
-0.231303
-0.231975
-0.232316
-0.232653
-0.233332
-0.233677
-0.234018
-0.234704
-0.235052
-0.235397
-0.236089
-0.236441
-0.236789
-0.237489
-0.237844
-0.238196
-0.167493
-0.167493
-0.167499
-0.167501
-0.167508
-0.167516
-0.167522
-0.167536
-0.167548
-0.167557
-0.167578
-0.167594
-0.167607
-0.167635
-0.167654
-0.167670
-0.167706
-0.167729
-0.167748
-0.167790
-0.167817
-0.167840
-0.167889
-0.167919
-0.167946
-0.168003
-0.168036
-0.168066
-0.168130
-0.168167
-0.168201
-0.168271
-0.168312
-0.168349
-0.168427
-0.168471
-0.168512
-0.168596
-0.168644
-0.168688
-0.168780
-0.168832
-0.168879
-0.168978
-0.169033
-0.169084
-0.169190
-0.169249
-0.169304
-0.169417
-0.169479
-0.169537
-0.169657
-0.169722
-0.169784
-0.169912
-0.169981
-0.170046
-0.170180
-0.170253
-0.170322
-0.170463
-0.170539
-0.170612
-0.170760
-0.170840
-0.170916
-0.171071
-0.171154
-0.171234
-0.171396
-0.171483
-0.171566
-0.171736
-0.171826
-0.171913
-0.172089
-0.172183
-0.172273
-0.172457
-0.172554
-0.172648
-0.172839
-0.172940
-0.173037
-0.173235
-0.173339
-0.173440
-0.173645
-0.173753
-0.173857
-0.174069
-0.174181
-0.174288
-0.174508
-0.174622
-0.174734
-0.174960
-0.175079
-0.175193
-0.175427
-0.175549
-0.175667
-0.175908
-0.176033
-0.176155
-0.176403
-0.176532
-0.176657
-0.176912
-0.177044
-0.177173
-0.177435
-0.177571
-0.177704
-0.177972
-0.178112
-0.178248
-0.178524
-0.178667
-0.178807
-0.179089
-0.179236
-0.179379
-0.179669
-0.179819
-0.179966
-0.180263
-0.180417
-0.180567
-0.180871
-0.181028
-0.181182
-0.181493
-0.181654
-0.181812
-0.182130
-0.182294
-0.182455
-0.182780
-0.182948
-0.183113
-0.183445
-0.183616
-0.183784
-0.184124
-0.184299
-0.184470
-0.184817
-0.184995
-0.185170
-0.185524
-0.185706
-0.185884
-0.186245
-0.186430
-0.186612
-0.186980
-0.187169
-0.187355
-0.187730
-0.187922
-0.188111
-0.188493
-0.188689
-0.188882
-0.189271
-0.189471
-0.189667
-0.190063
-0.190266
-0.190466
-0.190869
-0.191076
-0.191279
-0.191689
-0.191899
-0.192106
-0.192523
-0.192737
-0.192948
-0.193372
-0.193589
-0.193803
-0.194234
-0.194455
-0.194673
-0.195111
-0.195336
-0.195557
-0.196002
-0.196230
-0.196455
-0.196907
-0.197139
-0.197367
-0.197826
-0.198061
-0.198293
-0.198759
-0.198998
-0.199233
-0.199707
-0.199949
-0.200188
-0.200668
-0.200914
-0.201156
-0.201644
-0.201893
-0.202139
-0.202634
-0.202887
-0.203136
-0.203638
-0.203894
-0.204147
-0.204656
-0.204916
-0.205172
-0.205688
-0.205952
-0.206212
-0.206735
-0.207002
-0.207265
-0.207795
-0.208066
-0.208333
-0.208870
-0.209144
-0.209414
-0.209959
-0.210236
-0.210510
-0.211062
-0.211343
-0.211620
-0.212179
-0.212463
-0.212744
-0.213310
-0.213598
-0.213883
-0.214455
-0.214747
-0.215035
-0.215615
-0.215910
-0.216202
-0.216788
-0.217087
-0.217382
-0.217976
-0.218279
-0.218577
-0.219178
-0.219484
-0.219786
-0.220394
-0.220704
-0.221009
-0.221624
-0.221937
-0.222247
-0.222869
-0.223185
-0.223498
-0.224127
-0.224447
-0.224763
-0.225400
-0.225723
-0.226043
-0.226686
-0.227013
-0.227337
-0.227987
-0.228318
-0.228645
-0.229302
-0.229636
-0.229967
-0.230631
-0.230969
-0.231303
-0.231975
-0.232316
-0.232653
-0.233332
-0.233677
-0.234018
-0.234704
-0.235052
-0.235397
-0.236089
-0.236441
-0.236789
-0.237489
-0.237844
-0.238196
-0.167493
-0.167493
-0.167499
-0.167501
-0.167508
-0.167516
-0.167522
-0.167536
-0.167548
-0.167557
-0.167578
-0.167594
-0.167607
-0.167635
-0.167654
-0.167670
-0.167706
-0.167729
-0.167748
-0.167790
-0.167817
-0.167840
-0.167889
-0.167919
-0.167946
-0.168003
-0.168036
-0.168066
-0.168130
-0.168167
-0.168201
-0.168271
-0.168312
-0.168349
-0.168427
-0.168471
-0.168512
-0.168596
-0.168644
-0.168688
-0.168780
-0.168832
-0.168879
-0.168978
-0.169033
-0.169084
-0.169190
-0.169249
-0.169304
-0.169417
-0.169479
-0.169537
-0.169657
-0.169722
-0.169784
-0.169912
-0.169981
-0.170046
-0.170180
-0.170253
-0.170322
-0.170463
-0.170539
-0.170612
-0.170760
-0.170840
-0.170916
-0.171071
-0.171154
-0.171234
-0.171396
-0.171483
-0.171566
-0.171736
-0.171826
-0.171913
-0.172089
-0.172183
-0.172273
-0.172457
-0.172554
-0.172648
-0.172839
-0.172940
-0.173037
-0.173235
-0.173339
-0.173440
-0.173645
-0.173753
-0.173857
-0.174069
-0.174181
-0.174288
-0.174508
-0.174622
-0.174734
-0.174960
-0.175079
-0.175193
-0.175427
-0.175549
-0.175667
-0.175908
-0.176033
-0.176155
-0.176403
-0.176532
-0.176657
-0.176912
-0.177044
-0.177173
-0.177435
-0.177571
-0.177704
-0.177972
-0.178112
-0.178248
-0.178524
-0.178667
-0.178807
-0.179089
-0.179236
-0.179379
-0.179669
-0.179819
-0.179966
-0.180263
-0.180417
-0.180567
-0.180871
-0.181028
-0.181182
-0.181493
-0.181654
-0.181812
-0.182130
-0.182294
-0.182455
-0.182780
-0.182948
-0.183113
-0.183445
-0.183616
-0.183784
-0.184124
-0.184299
-0.184470
-0.184817
-0.184995
-0.185170
-0.185524
-0.185706
-0.185884
-0.186245
-0.186430
-0.186612
-0.186980
-0.187169
-0.187355
-0.187730
-0.187922
-0.188111
-0.188493
-0.188689
-0.188882
-0.189271
-0.189471
-0.189667
-0.190063
-0.190266
-0.190466
-0.190869
-0.191076
-0.191279
-0.191689
-0.191899
-0.192106
-0.192523
-0.192737
-0.192948
-0.193372
-0.193589
-0.193803
-0.194234
-0.194455
-0.194673
-0.195111
-0.195336
-0.195557
-0.196002
-0.196230
-0.196455
-0.196907
-0.197139
-0.197367
-0.197826
-0.198061
-0.198293
-0.198759
-0.198998
-0.199233
-0.199707
-0.199949
-0.200188
-0.200668
-0.200914
-0.201156
-0.201644
-0.201893
-0.202139
-0.202634
-0.202887
-0.203136
-0.203638
-0.203894
-0.204147
-0.204656
-0.204916
-0.205172
-0.205688
-0.205952
-0.206212
-0.206735
-0.207002
-0.207265
-0.207795
-0.208066
-0.208333
-0.208870
-0.209144
-0.209414
-0.209959
-0.210236
-0.210510
-0.211062
-0.211343
-0.211620
-0.212179
-0.212463
-0.212744
-0.213310
-0.213598
-0.213883
-0.214455
-0.214747
-0.215035
-0.215615
-0.215910
-0.216202
-0.216788
-0.217087
-0.217382
-0.217976
-0.218279
-0.218577
-0.219178
-0.219484
-0.219786
-0.220394
-0.220704
-0.221009
-0.221624
-0.221937
-0.222247
-0.222869
-0.223185
-0.223498
-0.224127
-0.224447
-0.224763
-0.225400
-0.225723
-0.226043
-0.226686
-0.227013
-0.227337
-0.227987
-0.228318
-0.228645
-0.229302
-0.229636
-0.229967
-0.230631
-0.230969
-0.231303
-0.231975
-0.232316
-0.232653
-0.233332
-0.233677
-0.234018
-0.234704
-0.235052
-0.235397
-0.236089
-0.236441
-0.236789
-0.237489
-0.237844
-0.238196
-0.167493
-0.167493
-0.167499
-0.167501
-0.167508
-0.167516
-0.167522
-0.167536
-0.167548
-0.167557
-0.167578
-0.167594
-0.167607
-0.167635
-0.167654
-0.167670
-0.167706
-0.167729
-0.167748
-0.167790
-0.167817
-0.167840
-0.167889
-0.167919
-0.167946
-0.168003
-0.168036
-0.168066
-0.168130
-0.168167
-0.168201
-0.168271
-0.168312
-0.168349
-0.168427
-0.168471
-0.168512
-0.168596
-0.168644
-0.168688
-0.168780
-0.168832
-0.168879
-0.168978
-0.169033
-0.169084
-0.169190
-0.169249
-0.169304
-0.169417
-0.169479
-0.169537
-0.169657
-0.169722
-0.169784
-0.169912
-0.169981
-0.170046
-0.170180
-0.170253
-0.170322
-0.170463
-0.170539
-0.170612
-0.170760
-0.170840
-0.170916
-0.171071
-0.171154
-0.171234
-0.171396
-0.171483
-0.171566
-0.171736
-0.171826
-0.171913
-0.172089
-0.172183
-0.172273
-0.172457
-0.172554
-0.172648
-0.172839
-0.172940
-0.173037
-0.173235
-0.173339
-0.173440
-0.173645
-0.173753
-0.173857
-0.174069
-0.174181
-0.174288
-0.174508
-0.174622
-0.174734
-0.174960
-0.175079
-0.175193
-0.175427
-0.175549
-0.175667
-0.175908
-0.176033
-0.176155
-0.176403
-0.176532
-0.176657
-0.176912
-0.177044
-0.177173
-0.177435
-0.177571
-0.177704
-0.177972
-0.178112
-0.178248
-0.178524
-0.178667
-0.178807
-0.179089
-0.179236
-0.179379
-0.179669
-0.179819
-0.179966
-0.180263
-0.180417
-0.180567
-0.180871
-0.181028
-0.181182
-0.181493
-0.181654
-0.181812
-0.182130
-0.182294
-0.182455
-0.182780
-0.182948
-0.183113
-0.183445
-0.183616
-0.183784
-0.184124
-0.184299
-0.184470
-0.184817
-0.184995
-0.185170
-0.185524
-0.185706
-0.185884
-0.186245
-0.186430
-0.186612
-0.186980
-0.187169
-0.187355
-0.187730
-0.187922
-0.188111
-0.188493
-0.188689
-0.188882
-0.189271
-0.189471
-0.189667
-0.190063
-0.190266
-0.190466
-0.190869
-0.191076
-0.191279
-0.191689
-0.191899
-0.192106
-0.192523
-0.192737
-0.192948
-0.193372
-0.193589
-0.193803
-0.194234
-0.194455
-0.194673
-0.195111
-0.195336
-0.195557
-0.196002
-0.196230
-0.196455
-0.196907
-0.197139
-0.197367
-0.197826
-0.198061
-0.198293
-0.198759
-0.198998
-0.199233
-0.199707
-0.199949
-0.200188
-0.200668
-0.200914
-0.201156
-0.201644
-0.201893
-0.202139
-0.202634
-0.202887
-0.203136
-0.203638
-0.203894
-0.204147
-0.204656
-0.204916
-0.205172
-0.205688
-0.205952
-0.206212
-0.206735
-0.207002
-0.207265
-0.207795
-0.208066
-0.208333
-0.208870
-0.209144
-0.209414
-0.209959
-0.210236
-0.210510
-0.211062
-0.211343
-0.211620
-0.212179
-0.212463
-0.212744
-0.213310
-0.213598
-0.213883
-0.214455
-0.214747
-0.215035
-0.215615
-0.215910
-0.216202
-0.216788
-0.217087
-0.217382
-0.217976
-0.218279
-0.218577
-0.219178
-0.219484
-0.219786
-0.220394
-0.220704
-0.221009
-0.221624
-0.221937
-0.222247
-0.222869
-0.223185
-0.223498
-0.224127
-0.224447
-0.224763
-0.225400
-0.225723
-0.226043
-0.226686
-0.227013
-0.227337
-0.227987
-0.228318
-0.228645
-0.229302
-0.229636
-0.229967
-0.230631
-0.230969
-0.231303
-0.231975
-0.232316
-0.232653
-0.233332
-0.233677
-0.234018
-0.234704
-0.235052
-0.235397
-0.236089
-0.236441
-0.236789
-0.237489
-0.237844
-0.238196
-0.167493
-0.167493
-0.167499
-0.167501
-0.167508
-0.167516
-0.167522
-0.167536
-0.167548
-0.167557
-0.167578
-0.167594
-0.167607
-0.167635
-0.167654
-0.167670
-0.167706
-0.167729
-0.167748
-0.167790
-0.167817
-0.167840
-0.167889
-0.167919
-0.167946
-0.168003
-0.168036
-0.168066
-0.168130
-0.168167
-0.168201
-0.168271
-0.168312
-0.168349
-0.168427
-0.168471
-0.168512
-0.168596
-0.168644
-0.168688
-0.168780
-0.168832
-0.168879
-0.168978
-0.169033
-0.169084
-0.169190
-0.169249
-0.169304
-0.169417
-0.169479
-0.169537
-0.169657
-0.169722
-0.169784
-0.169912
-0.169981
-0.170046
-0.170180
-0.170253
-0.170322
-0.170463
-0.170539
-0.170612
-0.170760
-0.170840
-0.170916
-0.171071
-0.171154
-0.171234
-0.171396
-0.171483
-0.171566
-0.171736
-0.171826
-0.171913
-0.172089
-0.172183
-0.172273
-0.172457
-0.172554
-0.172648
-0.172839
-0.172940
-0.173037
-0.173235
-0.173339
-0.173440
-0.173645
-0.173753
-0.173857
-0.174069
-0.174181
-0.174288
-0.174508
-0.174622
-0.174734
-0.174960
-0.175079
-0.175193
-0.175427
-0.175549
-0.175667
-0.175908
-0.176033
-0.176155
-0.176403
-0.176532
-0.176657
-0.176912
-0.177044
-0.177173
-0.177435
-0.177571
-0.177704
-0.177972
-0.178112
-0.178248
-0.178524
-0.178667
-0.178807
-0.179089
-0.179236
-0.179379
-0.179669
-0.179819
-0.179966
-0.180263
-0.180417
-0.180567
-0.180871
-0.181028
-0.181182
-0.181493
-0.181654
-0.181812
-0.182130
-0.182294
-0.182455
-0.182780
-0.182948
-0.183113
-0.183445
-0.183616
-0.183784
-0.184124
-0.184299
-0.184470
-0.184817
-0.184995
-0.185170
-0.185524
-0.185706
-0.185884
-0.186245
-0.186430
-0.186612
-0.186980
-0.187169
-0.187355
-0.187730
-0.187922
-0.188111
-0.188493
-0.188689
-0.188882
-0.189271
-0.189471
-0.189667
-0.190063
-0.190266
-0.190466
-0.190869
-0.191076
-0.191279
-0.191689
-0.191899
-0.192106
-0.192523
-0.192737
-0.192948
-0.193372
-0.193589
-0.193803
-0.194234
-0.194455
-0.194673
-0.195111
-0.195336
-0.195557
-0.196002
-0.196230
-0.196455
-0.196907
-0.197139
-0.197367
-0.197826
-0.198061
-0.198293
-0.198759
-0.198998
-0.199233
-0.199707
-0.199949
-0.200188
-0.200668
-0.200914
-0.201156
-0.201644
-0.201893
-0.202139
-0.202634
-0.202887
-0.203136
-0.203638
-0.203894
-0.204147
-0.204656
-0.204916
-0.205172
-0.205688
-0.205952
-0.206212
-0.206735
-0.207002
-0.207265
-0.207795
-0.208066
-0.208333
-0.208870
-0.209144
-0.209414
-0.209959
-0.210236
-0.210510
-0.211062
-0.211343
-0.211620
-0.212179
-0.212463
-0.212744
-0.213310
-0.213598
-0.213883
-0.214455
-0.214747
-0.215035
-0.215615
-0.215910
-0.216202
-0.216788
-0.217087
-0.217382
-0.217976
-0.218279
-0.218577
-0.219178
-0.219484
-0.219786
-0.220394
-0.220704
-0.221009
-0.221624
-0.221937
-0.222247
-0.222869
-0.223185
-0.223498
-0.224127
-0.224447
-0.224763
-0.225400
-0.225723
-0.226043
-0.226686
-0.227013
-0.227337
-0.227987
-0.228318
-0.228645
-0.229302
-0.229636
-0.229967
-0.230631
-0.230969
-0.231303
-0.231975
-0.232316
-0.232653
-0.233332
-0.233677
-0.234018
-0.234704
-0.235052
-0.235397
-0.236089
-0.236441
-0.236789
-0.237489
-0.237844
-0.238196
-0.167493
-0.167493
-0.167499
-0.167501
-0.167508
-0.167516
-0.167522
-0.167536
-0.167548
-0.167557
-0.167578
-0.167594
-0.167607
-0.167635
-0.167654
-0.167670
-0.167706
-0.167729
-0.167748
-0.167790
-0.167817
-0.167840
-0.167889
-0.167919
-0.167946
-0.168003
-0.168036
-0.168066
-0.168130
-0.168167
-0.168201
-0.168271
-0.168312
-0.168349
-0.168427
-0.168471
-0.168512
-0.168596
-0.168644
-0.168688
-0.168780
-0.168832
-0.168879
-0.168978
-0.169033
-0.169084
-0.169190
-0.169249
-0.169304
-0.169417
-0.169479
-0.169537
-0.169657
-0.169722
-0.169784
-0.169912
-0.169981
-0.170046
-0.170180
-0.170253
-0.170322
-0.170463
-0.170539
-0.170612
-0.170760
-0.170840
-0.170916
-0.171071
-0.171154
-0.171234
-0.171396
-0.171483
-0.171566
-0.171736
-0.171826
-0.171913
-0.172089
-0.172183
-0.172273
-0.172457
-0.172554
-0.172648
-0.172839
-0.172940
-0.173037
-0.173235
-0.173339
-0.173440
-0.173645
-0.173753
-0.173857
-0.174069
-0.174181
-0.174288
-0.174508
-0.174622
-0.174734
-0.174960
-0.175079
-0.175193
-0.175427
-0.175549
-0.175667
-0.175908
-0.176033
-0.176155
-0.176403
-0.176532
-0.176657
-0.176912
-0.177044
-0.177173
-0.177435
-0.177571
-0.177704
-0.177972
-0.178112
-0.178248
-0.178524
-0.178667
-0.178807
-0.179089
-0.179236
-0.179379
-0.179669
-0.179819
-0.179966
-0.180263
-0.180417
-0.180567
-0.180871
-0.181028
-0.181182
-0.181493
-0.181654
-0.181812
-0.182130
-0.182294
-0.182455
-0.182780
-0.182948
-0.183113
-0.183445
-0.183616
-0.183784
-0.184124
-0.184299
-0.184470
-0.184817
-0.184995
-0.185170
-0.185524
-0.185706
-0.185884
-0.186245
-0.186430
-0.186612
-0.186980
-0.187169
-0.187355
-0.187730
-0.187922
-0.188111
-0.188493
-0.188689
-0.188882
-0.189271
-0.189471
-0.189667
-0.190063
-0.190266
-0.190466
-0.190869
-0.191076
-0.191279
-0.191689
-0.191899
-0.192106
-0.192523
-0.192737
-0.192948
-0.193372
-0.193589
-0.193803
-0.194234
-0.194455
-0.194673
-0.195111
-0.195336
-0.195557
-0.196002
-0.196230
-0.196455
-0.196907
-0.197139
-0.197367
-0.197826
-0.198061
-0.198293
-0.198759
-0.198998
-0.199233
-0.199707
-0.199949
-0.200188
-0.200668
-0.200914
-0.201156
-0.201644
-0.201893
-0.202139
-0.202634
-0.202887
-0.203136
-0.203638
-0.203894
-0.204147
-0.204656
-0.204916
-0.205172
-0.205688
-0.205952
-0.206212
-0.206735
-0.207002
-0.207265
-0.207795
-0.208066
-0.208333
-0.208870
-0.209144
-0.209414
-0.209959
-0.210236
-0.210510
-0.211062
-0.211343
-0.211620
-0.212179
-0.212463
-0.212744
-0.213310
-0.213598
-0.213883
-0.214455
-0.214747
-0.215035
-0.215615
-0.215910
-0.216202
-0.216788
-0.217087
-0.217382
-0.217976
-0.218279
-0.218577
-0.219178
-0.219484
-0.219786
-0.220394
-0.220704
-0.221009
-0.221624
-0.221937
-0.222247
-0.222869
-0.223185
-0.223498
-0.224127
-0.224447
-0.224763
-0.225400
-0.225723
-0.226043
-0.226686
-0.227013
-0.227337
-0.227987
-0.228318
-0.228645
-0.229302
-0.229636
-0.229967
-0.230631
-0.230969
-0.231303
-0.231975
-0.232316
-0.232653
-0.233332
-0.233677
-0.234018
-0.234704
-0.235052
-0.235397
-0.236089
-0.236441
-0.236789
-0.237489
-0.237844
-0.238196
-0.167493
-0.167493
-0.167499
-0.167501
-0.167508
-0.167516
-0.167522
-0.167536
-0.167548
-0.167557
-0.167578
-0.167594
-0.167607
-0.167635
-0.167654
-0.167670
-0.167706
-0.167729
-0.167748
-0.167790
-0.167817
-0.167840
-0.167889
-0.167919
-0.167946
-0.168003
-0.168036
-0.168066
-0.168130
-0.168167
-0.168201
-0.168271
-0.168312
-0.168349
-0.168427
-0.168471
-0.168512
-0.168596
-0.168644
-0.168688
-0.168780
-0.168832
-0.168879
-0.168978
-0.169033
-0.169084
-0.169190
-0.169249
-0.169304
-0.169417
-0.169479
-0.169537
-0.169657
-0.169722
-0.169784
-0.169912
-0.169981
-0.170046
-0.170180
-0.170253
-0.170322
-0.170463
-0.170539
-0.170612
-0.170760
-0.170840
-0.170916
-0.171071
-0.171154
-0.171234
-0.171396
-0.171483
-0.171566
-0.171736
-0.171826
-0.171913
-0.172089
-0.172183
-0.172273
-0.172457
-0.172554
-0.172648
-0.172839
-0.172940
-0.173037
-0.173235
-0.173339
-0.173440
-0.173645
-0.173753
-0.173857
-0.174069
-0.174181
-0.174288
-0.174508
-0.174622
-0.174734
-0.174960
-0.175079
-0.175193
-0.175427
-0.175549
-0.175667
-0.175908
-0.176033
-0.176155
-0.176403
-0.176532
-0.176657
-0.176912
-0.177044
-0.177173
-0.177435
-0.177571
-0.177704
-0.177972
-0.178112
-0.178248
-0.178524
-0.178667
-0.178807
-0.179089
-0.179236
-0.179379
-0.179669
-0.179819
-0.179966
-0.180263
-0.180417
-0.180567
-0.180871
-0.181028
-0.181182
-0.181493
-0.181654
-0.181812
-0.182130
-0.182294
-0.182455
-0.182780
-0.182948
-0.183113
-0.183445
-0.183616
-0.183784
-0.184124
-0.184299
-0.184470
-0.184817
-0.184995
-0.185170
-0.185524
-0.185706
-0.185884
-0.186245
-0.186430
-0.186612
-0.186980
-0.187169
-0.187355
-0.187730
-0.187922
-0.188111
-0.188493
-0.188689
-0.188882
-0.189271
-0.189471
-0.189667
-0.190063
-0.190266
-0.190466
-0.190869
-0.191076
-0.191279
-0.191689
-0.191899
-0.192106
-0.192523
-0.192737
-0.192948
-0.193372
-0.193589
-0.193803
-0.194234
-0.194455
-0.194673
-0.195111
-0.195336
-0.195557
-0.196002
-0.196230
-0.196455
-0.196907
-0.197139
-0.197367
-0.197826
-0.198061
-0.198293
-0.198759
-0.198998
-0.199233
-0.199707
-0.199949
-0.200188
-0.200668
-0.200914
-0.201156
-0.201644
-0.201893
-0.202139
-0.202634
-0.202887
-0.203136
-0.203638
-0.203894
-0.204147
-0.204656
-0.204916
-0.205172
-0.205688
-0.205952
-0.206212
-0.206735
-0.207002
-0.207265
-0.207795
-0.208066
-0.208333
-0.208870
-0.209144
-0.209414
-0.209959
-0.210236
-0.210510
-0.211062
-0.211343
-0.211620
-0.212179
-0.212463
-0.212744
-0.213310
-0.213598
-0.213883
-0.214455
-0.214747
-0.215035
-0.215615
-0.215910
-0.216202
-0.216788
-0.217087
-0.217382
-0.217976
-0.218279
-0.218577
-0.219178
-0.219484
-0.219786
-0.220394
-0.220704
-0.221009
-0.221624
-0.221937
-0.222247
-0.222869
-0.223185
-0.223498
-0.224127
-0.224447
-0.224763
-0.225400
-0.225723
-0.226043
-0.226686
-0.227013
-0.227337
-0.227987
-0.228318
-0.228645
-0.229302
-0.229636
-0.229967
-0.230631
-0.230969
-0.231303
-0.231975
-0.232316
-0.232653
-0.233332
-0.233677
-0.234018
-0.234704
-0.235052
-0.235397
-0.236089
-0.236441
-0.236789
-0.237489
-0.237844
-0.238196
-0.167493
-0.167493
-0.167493
-0.167499
-0.167501
-0.167508
-0.167516
-0.167522
-0.167536
-0.167548
-0.167557
-0.167578
-0.167594
-0.167607
-0.167635
-0.167654
-0.167670
-0.167706
-0.167729
-0.167748
-0.167790
-0.167817
-0.167840
-0.167889
-0.167919
-0.167946
-0.168003
-0.168036
-0.168066
-0.168130
-0.168167
-0.168201
-0.168271
-0.168312
-0.168349
-0.168427
-0.168471
-0.168512
-0.168596
-0.168644
-0.168688
-0.168780
-0.168832
-0.168879
-0.168978
-0.169033
-0.169084
-0.169190
-0.169249
-0.169304
-0.169417
-0.169479
-0.169537
-0.169657
-0.169722
-0.169784
-0.169912
-0.169981
-0.170046
-0.170180
-0.170253
-0.170322
-0.170463
-0.170539
-0.170612
-0.170760
-0.170840
-0.170916
-0.171071
-0.171154
-0.171234
-0.171396
-0.171483
-0.171566
-0.171736
-0.171826
-0.171913
-0.172089
-0.172183
-0.172273
-0.172457
-0.172554
-0.172648
-0.172839
-0.172940
-0.173037
-0.173235
-0.173339
-0.173440
-0.173645
-0.173753
-0.173857
-0.174069
-0.174181
-0.174288
-0.174508
-0.174622
-0.174734
-0.174960
-0.175079
-0.175193
-0.175427
-0.175549
-0.175667
-0.175908
-0.176033
-0.176155
-0.176403
-0.176532
-0.176657
-0.176912
-0.177044
-0.177173
-0.177435
-0.177571
-0.177704
-0.177972
-0.178112
-0.178248
-0.178524
-0.178667
-0.178807
-0.179089
-0.179236
-0.179379
-0.179669
-0.179819
-0.179966
-0.180263
-0.180417
-0.180567
-0.180871
-0.181028
-0.181182
-0.181493
-0.181654
-0.181812
-0.182130
-0.182294
-0.182455
-0.182780
-0.182948
-0.183113
-0.183445
-0.183616
-0.183784
-0.184124
-0.184299
-0.184470
-0.184817
-0.184995
-0.185170
-0.185524
-0.185706
-0.185884
-0.186245
-0.186430
-0.186612
-0.186980
-0.187169
-0.187355
-0.187730
-0.187922
-0.188111
-0.188493
-0.188689
-0.188882
-0.189271
-0.189471
-0.189667
-0.190063
-0.190266
-0.190466
-0.190869
-0.191076
-0.191279
-0.191689
-0.191899
-0.192106
-0.192523
-0.192737
-0.192948
-0.193372
-0.193589
-0.193803
-0.194234
-0.194455
-0.194673
-0.195111
-0.195336
-0.195557
-0.196002
-0.196230
-0.196455
-0.196907
-0.197139
-0.197367
-0.197826
-0.198061
-0.198293
-0.198759
-0.198998
-0.199233
-0.199707
-0.199949
-0.200188
-0.200668
-0.200914
-0.201156
-0.201644
-0.201893
-0.202139
-0.202634
-0.202887
-0.203136
-0.203638
-0.203894
-0.204147
-0.204656
-0.204916
-0.205172
-0.205688
-0.205952
-0.206212
-0.206735
-0.207002
-0.207265
-0.207795
-0.208066
-0.208333
-0.208870
-0.209144
-0.209414
-0.209959
-0.210236
-0.210510
-0.211062
-0.211343
-0.211620
-0.212179
-0.212463
-0.212744
-0.213310
-0.213598
-0.213883
-0.214455
-0.214747
-0.215035
-0.215615
-0.215910
-0.216202
-0.216788
-0.217087
-0.217382
-0.217976
-0.218279
-0.218577
-0.219178
-0.219484
-0.219786
-0.220394
-0.220704
-0.221009
-0.221624
-0.221937
-0.222247
-0.222869
-0.223185
-0.223498
-0.224127
-0.224447
-0.224763
-0.225400
-0.225723
-0.226043
-0.226686
-0.227013
-0.227337
-0.227987
-0.228318
-0.228645
-0.229302
-0.229636
-0.229967
-0.230631
-0.230969
-0.231303
-0.231975
-0.232316
-0.232653
-0.233332
-0.233677
-0.234018
-0.234704
-0.235052
-0.235397
-0.236089
-0.236441
-0.236789
-0.237489
-0.237844
-0.238196
-0.167493
-0.167493
-0.167499
-0.167501
-0.167508
-0.167516
-0.167522
-0.167536
-0.167548
-0.167557
-0.167578
-0.167594
-0.167607
-0.167635
-0.167654
-0.167670
-0.167706
-0.167729
-0.167748
-0.167790
-0.167817
-0.167840
-0.167889
-0.167919
-0.167946
-0.168003
-0.168036
-0.168066
-0.168130
-0.168167
-0.168201
-0.168271
-0.168312
-0.168349
-0.168427
-0.168471
-0.168512
-0.168596
-0.168644
-0.168688
-0.168780
-0.168832
-0.168879
-0.168978
-0.169033
-0.169084
-0.169190
-0.169249
-0.169304
-0.169417
-0.169479
-0.169537
-0.169657
-0.169722
-0.169784
-0.169912
-0.169981
-0.170046
-0.170180
-0.170253
-0.170322
-0.170463
-0.170539
-0.170612
-0.170760
-0.170840
-0.170916
-0.171071
-0.171154
-0.171234
-0.171396
-0.171483
-0.171566
-0.171736
-0.171826
-0.171913
-0.172089
-0.172183
-0.172273
-0.172457
-0.172554
-0.172648
-0.172839
-0.172940
-0.173037
-0.173235
-0.173339
-0.173440
-0.173645
-0.173753
-0.173857
-0.174069
-0.174181
-0.174288
-0.174508
-0.174622
-0.174734
-0.174960
-0.175079
-0.175193
-0.175427
-0.175549
-0.175667
-0.175908
-0.176033
-0.176155
-0.176403
-0.176532
-0.176657
-0.176912
-0.177044
-0.177173
-0.177435
-0.177571
-0.177704
-0.177972
-0.178112
-0.178248
-0.178524
-0.178667
-0.178807
-0.179089
-0.179236
-0.179379
-0.179669
-0.179819
-0.179966
-0.180263
-0.180417
-0.180567
-0.180871
-0.181028
-0.181182
-0.181493
-0.181654
-0.181812
-0.182130
-0.182294
-0.182455
-0.182780
-0.182948
-0.183113
-0.183445
-0.183616
-0.183784
-0.184124
-0.184299
-0.184470
-0.184817
-0.184995
-0.185170
-0.185524
-0.185706
-0.185884
-0.186245
-0.186430
-0.186612
-0.186980
-0.187169
-0.187355
-0.187730
-0.187922
-0.188111
-0.188493
-0.188689
-0.188882
-0.189271
-0.189471
-0.189667
-0.190063
-0.190266
-0.190466
-0.190869
-0.191076
-0.191279
-0.191689
-0.191899
-0.192106
-0.192523
-0.192737
-0.192948
-0.193372
-0.193589
-0.193803
-0.194234
-0.194455
-0.194673
-0.195111
-0.195336
-0.195557
-0.196002
-0.196230
-0.196455
-0.196907
-0.197139
-0.197367
-0.197826
-0.198061
-0.198293
-0.198759
-0.198998
-0.199233
-0.199707
-0.199949
-0.200188
-0.200668
-0.200914
-0.201156
-0.201644
-0.201893
-0.202139
-0.202634
-0.202887
-0.203136
-0.203638
-0.203894
-0.204147
-0.204656
-0.204916
-0.205172
-0.205688
-0.205952
-0.206212
-0.206735
-0.207002
-0.207265
-0.207795
-0.208066
-0.208333
-0.208870
-0.209144
-0.209414
-0.209959
-0.210236
-0.210510
-0.211062
-0.211343
-0.211620
-0.212179
-0.212463
-0.212744
-0.213310
-0.213598
-0.213883
-0.214455
-0.214747
-0.215035
-0.215615
-0.215910
-0.216202
-0.216788
-0.217087
-0.217382
-0.217976
-0.218279
-0.218577
-0.219178
-0.219484
-0.219786
-0.220394
-0.220704
-0.221009
-0.221624
-0.221937
-0.222247
-0.222869
-0.223185
-0.223498
-0.224127
-0.224447
-0.224763
-0.225400
-0.225723
-0.226043
-0.226686
-0.227013
-0.227337
-0.227987
-0.228318
-0.228645
-0.229302
-0.229636
-0.229967
-0.230631
-0.230969
-0.231303
-0.231975
-0.232316
-0.232653
-0.233332
-0.233677
-0.234018
-0.234704
-0.235052
-0.235397
-0.236089
-0.236441
-0.236789
-0.237489
-0.237844
-0.238196
