-9.798569
-9.798569
-9.798569
-9.798569
-9.798569
-9.798569
-9.798569
-9.798568
-9.798568
-9.798568
-9.798568
-9.798568
-9.798568
-9.798568
-9.798567
-9.798567
-9.798567
-9.798567
-9.798566
-9.798566
-9.798566
-9.798565
-9.798565
-9.798564
-9.798563
-9.798563
-9.798563
-9.798562
-9.798561
-9.798561
-9.798560
-9.798559
-9.798559
-9.798558
-9.798557
-9.798556
-9.798555
-9.798555
-9.798554
-9.798553
-9.798552
-9.798551
-9.798550
-9.798549
-9.798548
-9.798546
-9.798546
-9.798545
-9.798543
-9.798542
-9.798541
-9.798539
-9.798538
-9.798537
-9.798536
-9.798534
-9.798533
-9.798531
-9.798530
-9.798529
-9.798527
-9.798526
-9.798525
-9.798522
-9.798521
-9.798520
-9.798517
-9.798516
-9.798515
-9.798512
-9.798511
-9.798509
-9.798507
-9.798505
-9.798504
-9.798501
-9.798500
-9.798498
-9.798495
-9.798494
-9.798492
-9.798489
-9.798487
-9.798486
-9.798482
-9.798481
-9.798479
-9.798476
-9.798474
-9.798472
-9.798469
-9.798467
-9.798465
-9.798461
-9.798460
-9.798458
-9.798454
-9.798452
-9.798450
-9.798446
-9.798444
-9.798442
-9.798438
-9.798436
-9.798434
-9.798430
-9.798428
-9.798425
-9.798421
-9.798419
-9.798417
-9.798412
-9.798410
-9.798408
-9.798403
-9.798401
-9.798398
-9.798394
-9.798391
-9.798389
-9.798384
-9.798381
-9.798379
-9.798374
-9.798371
-9.798369
-9.798363
-9.798361
-9.798358
-9.798353
-9.798350
-9.798347
-9.798342
-9.798339
-9.798336
-9.798331
-9.798328
-9.798325
-9.798319
-9.798316
-9.798313
-9.798307
-9.798304
-9.798301
-9.798295
-9.798292
-9.798289
-9.798283
-9.798280
-9.798277
-9.798270
-9.798267
-9.798264
-9.798257
-9.798254
-9.798250
-9.798244
-9.798240
-9.798237
-9.798230
-9.798227
-9.798223
-9.798216
-9.798212
-9.798209
-9.798202
-9.798198
-9.798194
-9.798187
-9.798183
-9.798180
-9.798172
-9.798168
-9.798164
-9.798157
-9.798153
-9.798149
-9.798141
-9.798137
-9.798133
-9.798125
-9.798121
-9.798117
-9.798109
-9.798105
-9.798100
-9.798092
-9.798088
-9.798084
-9.798075
-9.798071
-9.798066
-9.798058
-9.798053
-9.798049
-9.798040
-9.798035
-9.798031
-9.798022
-9.798017
-9.798012
-9.798003
-9.797998
-9.797994
-9.797984
-9.797979
-9.797975
-9.797965
-9.797960
-9.797955
-9.797945
-9.797940
-9.797935
-9.797925
-9.797920
-9.797915
-9.797905
-9.797900
-9.797894
-9.797884
-9.797879
-9.797873
-9.797863
-9.797857
-9.797852
-9.797841
-9.797836
-9.797830
-9.797819
-9.797814
-9.797808
-9.797797
-9.797791
-9.797785
-9.797774
-9.797768
-9.797762
-9.797751
-9.797745
-9.797739
-9.797727
-9.797721
-9.797715
-9.797703
-9.797697
-9.797691
-9.797678
-9.797672
-9.797666
-9.797653
-9.797647
-9.797641
-9.797628
-9.797621
-9.797615
-9.797602
-9.797595
-9.797589
-9.797576
-9.797569
-9.797562
-9.797549
-9.797542
-9.797535
-9.797521
-9.797514
-9.797508
-9.797494
-9.797487
-9.797480
-9.797465
-9.797458
-9.797451
-9.797437
-9.797429
-9.797422
-9.797408
-9.797400
-9.797393
-9.797378
-9.797370
-9.797363
-9.797348
-9.797340
-9.797332
-9.797317
-9.797309
-9.797301
-9.797286
-9.797278
-9.797270
-9.797254
-9.797246
-9.797238
-9.797222
-9.797214
-9.797206
-9.797189
-9.797181
-9.797172
-9.797156
-9.797147
-9.797139
-9.797122
-9.797113
-9.797105
-9.798569
-9.798569
-9.798568
-9.798568
-9.798568
-9.798568
-9.798568
-9.798568
-9.798568
-9.798567
-9.798567
-9.798567
-9.798567
-9.798566
-9.798566
-9.798566
-9.798565
-9.798565
-9.798564
-9.798563
-9.798563
-9.798563
-9.798562
-9.798561
-9.798561
-9.798560
-9.798559
-9.798559
-9.798558
-9.798557
-9.798556
-9.798555
-9.798555
-9.798554
-9.798553
-9.798552
-9.798551
-9.798550
-9.798549
-9.798548
-9.798546
-9.798546
-9.798545
-9.798543
-9.798542
-9.798541
-9.798539
-9.798538
-9.798537
-9.798536
-9.798534
-9.798533
-9.798531
-9.798530
-9.798529
-9.798527
-9.798526
-9.798525
-9.798522
-9.798521
-9.798520
-9.798517
-9.798516
-9.798515
-9.798512
-9.798511
-9.798509
-9.798507
-9.798505
-9.798504
-9.798501
-9.798500
-9.798498
-9.798495
-9.798494
-9.798492
-9.798489
-9.798487
-9.798486
-9.798482
-9.798481
-9.798479
-9.798476
-9.798474
-9.798472
-9.798469
-9.798467
-9.798465
-9.798461
-9.798460
-9.798458
-9.798454
-9.798452
-9.798450
-9.798446
-9.798444
-9.798442
-9.798438
-9.798436
-9.798434
-9.798430
-9.798428
-9.798425
-9.798421
-9.798419
-9.798417
-9.798412
-9.798410
-9.798408
-9.798403
-9.798401
-9.798398
-9.798394
-9.798391
-9.798389
-9.798384
-9.798381
-9.798379
-9.798374
-9.798371
-9.798369
-9.798363
-9.798361
-9.798358
-9.798353
-9.798350
-9.798347
-9.798342
-9.798339
-9.798336
-9.798331
-9.798328
-9.798325
-9.798319
-9.798316
-9.798313
-9.798307
-9.798304
-9.798301
-9.798295
-9.798292
-9.798289
-9.798283
-9.798280
-9.798277
-9.798270
-9.798267
-9.798264
-9.798257
-9.798254
-9.798250
-9.798244
-9.798240
-9.798237
-9.798230
-9.798227
-9.798223
-9.798216
-9.798212
-9.798209
-9.798202
-9.798198
-9.798194
-9.798187
-9.798183
-9.798180
-9.798172
-9.798168
-9.798164
-9.798157
-9.798153
-9.798149
-9.798141
-9.798137
-9.798133
-9.798125
-9.798121
-9.798117
-9.798109
-9.798105
-9.798100
-9.798092
-9.798088
-9.798084
-9.798075
-9.798071
-9.798066
-9.798058
-9.798053
-9.798049
-9.798040
-9.798035
-9.798031
-9.798022
-9.798017
-9.798012
-9.798003
-9.797998
-9.797994
-9.797984
-9.797979
-9.797975
-9.797965
-9.797960
-9.797955
-9.797945
-9.797940
-9.797935
-9.797925
-9.797920
-9.797915
-9.797905
-9.797900
-9.797894
-9.797884
-9.797879
-9.797873
-9.797863
-9.797857
-9.797852
-9.797841
-9.797836
-9.797830
-9.797819
-9.797814
-9.797808
-9.797797
-9.797791
-9.797785
-9.797774
-9.797768
-9.797762
-9.797751
-9.797745
-9.797739
-9.797727
-9.797721
-9.797715
-9.797703
-9.797697
-9.797691
-9.797678
-9.797672
-9.797666
-9.797653
-9.797647
-9.797641
-9.797628
-9.797621
-9.797615
-9.797602
-9.797595
-9.797589
-9.797576
-9.797569
-9.797562
-9.797549
-9.797542
-9.797535
-9.797521
-9.797514
-9.797508
-9.797494
-9.797487
-9.797480
-9.797465
-9.797458
-9.797451
-9.797437
-9.797429
-9.797422
-9.797408
-9.797400
-9.797393
-9.797378
-9.797370
-9.797363
-9.797348
-9.797340
-9.797332
-9.797317
-9.797309
-9.797301
-9.797286
-9.797278
-9.797270
-9.797254
-9.797246
-9.797238
-9.797222
-9.797214
-9.797206
-9.797189
-9.797181
-9.797172
-9.797156
-9.797147
-9.797139
-9.797122
-9.797113
-9.797105
-9.798569
-9.798569
-9.798568
-9.798568
-9.798568
-9.798568
-9.798568
-9.798568
-9.798568
-9.798567
-9.798567
-9.798567
-9.798567
-9.798566
-9.798566
-9.798566
-9.798565
-9.798565
-9.798564
-9.798563
-9.798563
-9.798563
-9.798562
-9.798561
-9.798561
-9.798560
-9.798559
-9.798559
-9.798558
-9.798557
-9.798556
-9.798555
-9.798555
-9.798554
-9.798553
-9.798552
-9.798551
-9.798550
-9.798549
-9.798548
-9.798546
-9.798546
-9.798545
-9.798543
-9.798542
-9.798541
-9.798539
-9.798538
-9.798537
-9.798536
-9.798534
-9.798533
-9.798531
-9.798530
-9.798529
-9.798527
-9.798526
-9.798525
-9.798522
-9.798521
-9.798520
-9.798517
-9.798516
-9.798515
-9.798512
-9.798511
-9.798509
-9.798507
-9.798505
-9.798504
-9.798501
-9.798500
-9.798498
-9.798495
-9.798494
-9.798492
-9.798489
-9.798487
-9.798486
-9.798482
-9.798481
-9.798479
-9.798476
-9.798474
-9.798472
-9.798469
-9.798467
-9.798465
-9.798461
-9.798460
-9.798458
-9.798454
-9.798452
-9.798450
-9.798446
-9.798444
-9.798442
-9.798438
-9.798436
-9.798434
-9.798430
-9.798428
-9.798425
-9.798421
-9.798419
-9.798417
-9.798412
-9.798410
-9.798408
-9.798403
-9.798401
-9.798398
-9.798394
-9.798391
-9.798389
-9.798384
-9.798381
-9.798379
-9.798374
-9.798371
-9.798369
-9.798363
-9.798361
-9.798358
-9.798353
-9.798350
-9.798347
-9.798342
-9.798339
-9.798336
-9.798331
-9.798328
-9.798325
-9.798319
-9.798316
-9.798313
-9.798307
-9.798304
-9.798301
-9.798295
-9.798292
-9.798289
-9.798283
-9.798280
-9.798277
-9.798270
-9.798267
-9.798264
-9.798257
-9.798254
-9.798250
-9.798244
-9.798240
-9.798237
-9.798230
-9.798227
-9.798223
-9.798216
-9.798212
-9.798209
-9.798202
-9.798198
-9.798194
-9.798187
-9.798183
-9.798180
-9.798172
-9.798168
-9.798164
-9.798157
-9.798153
-9.798149
-9.798141
-9.798137
-9.798133
-9.798125
-9.798121
-9.798117
-9.798109
-9.798105
-9.798100
-9.798092
-9.798088
-9.798084
-9.798075
-9.798071
-9.798066
-9.798058
-9.798053
-9.798049
-9.798040
-9.798035
-9.798031
-9.798022
-9.798017
-9.798012
-9.798003
-9.797998
-9.797994
-9.797984
-9.797979
-9.797975
-9.797965
-9.797960
-9.797955
-9.797945
-9.797940
-9.797935
-9.797925
-9.797920
-9.797915
-9.797905
-9.797900
-9.797894
-9.797884
-9.797879
-9.797873
-9.797863
-9.797857
-9.797852
-9.797841
-9.797836
-9.797830
-9.797819
-9.797814
-9.797808
-9.797797
-9.797791
-9.797785
-9.797774
-9.797768
-9.797762
-9.797751
-9.797745
-9.797739
-9.797727
-9.797721
-9.797715
-9.797703
-9.797697
-9.797691
-9.797678
-9.797672
-9.797666
-9.797653
-9.797647
-9.797641
-9.797628
-9.797621
-9.797615
-9.797602
-9.797595
-9.797589
-9.797576
-9.797569
-9.797562
-9.797549
-9.797542
-9.797535
-9.797521
-9.797514
-9.797508
-9.797494
-9.797487
-9.797480
-9.797465
-9.797458
-9.797451
-9.797437
-9.797429
-9.797422
-9.797408
-9.797400
-9.797393
-9.797378
-9.797370
-9.797363
-9.797348
-9.797340
-9.797332
-9.797317
-9.797309
-9.797301
-9.797286
-9.797278
-9.797270
-9.797254
-9.797246
-9.797238
-9.797222
-9.797214
-9.797206
-9.797189
-9.797181
-9.797172
-9.797156
-9.797147
-9.797139
-9.797122
-9.797113
-9.797105
-9.798569
-9.798569
-9.798568
-9.798568
-9.798568
-9.798568
-9.798568
-9.798568
-9.798568
-9.798567
-9.798567
-9.798567
-9.798567
-9.798566
-9.798566
-9.798566
-9.798565
-9.798565
-9.798564
-9.798563
-9.798563
-9.798563
-9.798562
-9.798561
-9.798561
-9.798560
-9.798559
-9.798559
-9.798558
-9.798557
-9.798556
-9.798555
-9.798555
-9.798554
-9.798553
-9.798552
-9.798551
-9.798550
-9.798549
-9.798548
-9.798546
-9.798546
-9.798545
-9.798543
-9.798542
-9.798541
-9.798539
-9.798538
-9.798537
-9.798536
-9.798534
-9.798533
-9.798531
-9.798530
-9.798529
-9.798527
-9.798526
-9.798525
-9.798522
-9.798521
-9.798520
-9.798517
-9.798516
-9.798515
-9.798512
-9.798511
-9.798509
-9.798507
-9.798505
-9.798504
-9.798501
-9.798500
-9.798498
-9.798495
-9.798494
-9.798492
-9.798489
-9.798487
-9.798486
-9.798482
-9.798481
-9.798479
-9.798476
-9.798474
-9.798472
-9.798469
-9.798467
-9.798465
-9.798461
-9.798460
-9.798458
-9.798454
-9.798452
-9.798450
-9.798446
-9.798444
-9.798442
-9.798438
-9.798436
-9.798434
-9.798430
-9.798428
-9.798425
-9.798421
-9.798419
-9.798417
-9.798412
-9.798410
-9.798408
-9.798403
-9.798401
-9.798398
-9.798394
-9.798391
-9.798389
-9.798384
-9.798381
-9.798379
-9.798374
-9.798371
-9.798369
-9.798363
-9.798361
-9.798358
-9.798353
-9.798350
-9.798347
-9.798342
-9.798339
-9.798336
-9.798331
-9.798328
-9.798325
-9.798319
-9.798316
-9.798313
-9.798307
-9.798304
-9.798301
-9.798295
-9.798292
-9.798289
-9.798283
-9.798280
-9.798277
-9.798270
-9.798267
-9.798264
-9.798257
-9.798254
-9.798250
-9.798244
-9.798240
-9.798237
-9.798230
-9.798227
-9.798223
-9.798216
-9.798212
-9.798209
-9.798202
-9.798198
-9.798194
-9.798187
-9.798183
-9.798180
-9.798172
-9.798168
-9.798164
-9.798157
-9.798153
-9.798149
-9.798141
-9.798137
-9.798133
-9.798125
-9.798121
-9.798117
-9.798109
-9.798105
-9.798100
-9.798092
-9.798088
-9.798084
-9.798075
-9.798071
-9.798066
-9.798058
-9.798053
-9.798049
-9.798040
-9.798035
-9.798031
-9.798022
-9.798017
-9.798012
-9.798003
-9.797998
-9.797994
-9.797984
-9.797979
-9.797975
-9.797965
-9.797960
-9.797955
-9.797945
-9.797940
-9.797935
-9.797925
-9.797920
-9.797915
-9.797905
-9.797900
-9.797894
-9.797884
-9.797879
-9.797873
-9.797863
-9.797857
-9.797852
-9.797841
-9.797836
-9.797830
-9.797819
-9.797814
-9.797808
-9.797797
-9.797791
-9.797785
-9.797774
-9.797768
-9.797762
-9.797751
-9.797745
-9.797739
-9.797727
-9.797721
-9.797715
-9.797703
-9.797697
-9.797691
-9.797678
-9.797672
-9.797666
-9.797653
-9.797647
-9.797641
-9.797628
-9.797621
-9.797615
-9.797602
-9.797595
-9.797589
-9.797576
-9.797569
-9.797562
-9.797549
-9.797542
-9.797535
-9.797521
-9.797514
-9.797508
-9.797494
-9.797487
-9.797480
-9.797465
-9.797458
-9.797451
-9.797437
-9.797429
-9.797422
-9.797408
-9.797400
-9.797393
-9.797378
-9.797370
-9.797363
-9.797348
-9.797340
-9.797332
-9.797317
-9.797309
-9.797301
-9.797286
-9.797278
-9.797270
-9.797254
-9.797246
-9.797238
-9.797222
-9.797214
-9.797206
-9.797189
-9.797181
-9.797172
-9.797156
-9.797147
-9.797139
-9.797122
-9.797113
-9.797105
-9.798569
-9.798569
-9.798568
-9.798568
-9.798568
-9.798568
-9.798568
-9.798568
-9.798568
-9.798567
-9.798567
-9.798567
-9.798567
-9.798566
-9.798566
-9.798566
-9.798565
-9.798565
-9.798564
-9.798563
-9.798563
-9.798563
-9.798562
-9.798561
-9.798561
-9.798560
-9.798559
-9.798559
-9.798558
-9.798557
-9.798556
-9.798555
-9.798555
-9.798554
-9.798553
-9.798552
-9.798551
-9.798550
-9.798549
-9.798548
-9.798546
-9.798546
-9.798545
-9.798543
-9.798542
-9.798541
-9.798539
-9.798538
-9.798537
-9.798536
-9.798534
-9.798533
-9.798531
-9.798530
-9.798529
-9.798527
-9.798526
-9.798525
-9.798522
-9.798521
-9.798520
-9.798517
-9.798516
-9.798515
-9.798512
-9.798511
-9.798509
-9.798507
-9.798505
-9.798504
-9.798501
-9.798500
-9.798498
-9.798495
-9.798494
-9.798492
-9.798489
-9.798487
-9.798486
-9.798482
-9.798481
-9.798479
-9.798476
-9.798474
-9.798472
-9.798469
-9.798467
-9.798465
-9.798461
-9.798460
-9.798458
-9.798454
-9.798452
-9.798450
-9.798446
-9.798444
-9.798442
-9.798438
-9.798436
-9.798434
-9.798430
-9.798428
-9.798425
-9.798421
-9.798419
-9.798417
-9.798412
-9.798410
-9.798408
-9.798403
-9.798401
-9.798398
-9.798394
-9.798391
-9.798389
-9.798384
-9.798381
-9.798379
-9.798374
-9.798371
-9.798369
-9.798363
-9.798361
-9.798358
-9.798353
-9.798350
-9.798347
-9.798342
-9.798339
-9.798336
-9.798331
-9.798328
-9.798325
-9.798319
-9.798316
-9.798313
-9.798307
-9.798304
-9.798301
-9.798295
-9.798292
-9.798289
-9.798283
-9.798280
-9.798277
-9.798270
-9.798267
-9.798264
-9.798257
-9.798254
-9.798250
-9.798244
-9.798240
-9.798237
-9.798230
-9.798227
-9.798223
-9.798216
-9.798212
-9.798209
-9.798202
-9.798198
-9.798194
-9.798187
-9.798183
-9.798180
-9.798172
-9.798168
-9.798164
-9.798157
-9.798153
-9.798149
-9.798141
-9.798137
-9.798133
-9.798125
-9.798121
-9.798117
-9.798109
-9.798105
-9.798100
-9.798092
-9.798088
-9.798084
-9.798075
-9.798071
-9.798066
-9.798058
-9.798053
-9.798049
-9.798040
-9.798035
-9.798031
-9.798022
-9.798017
-9.798012
-9.798003
-9.797998
-9.797994
-9.797984
-9.797979
-9.797975
-9.797965
-9.797960
-9.797955
-9.797945
-9.797940
-9.797935
-9.797925
-9.797920
-9.797915
-9.797905
-9.797900
-9.797894
-9.797884
-9.797879
-9.797873
-9.797863
-9.797857
-9.797852
-9.797841
-9.797836
-9.797830
-9.797819
-9.797814
-9.797808
-9.797797
-9.797791
-9.797785
-9.797774
-9.797768
-9.797762
-9.797751
-9.797745
-9.797739
-9.797727
-9.797721
-9.797715
-9.797703
-9.797697
-9.797691
-9.797678
-9.797672
-9.797666
-9.797653
-9.797647
-9.797641
-9.797628
-9.797621
-9.797615
-9.797602
-9.797595
-9.797589
-9.797576
-9.797569
-9.797562
-9.797549
-9.797542
-9.797535
-9.797521
-9.797514
-9.797508
-9.797494
-9.797487
-9.797480
-9.797465
-9.797458
-9.797451
-9.797437
-9.797429
-9.797422
-9.797408
-9.797400
-9.797393
-9.797378
-9.797370
-9.797363
-9.797348
-9.797340
-9.797332
-9.797317
-9.797309
-9.797301
-9.797286
-9.797278
-9.797270
-9.797254
-9.797246
-9.797238
-9.797222
-9.797214
-9.797206
-9.797189
-9.797181
-9.797172
-9.797156
-9.797147
-9.797139
-9.797122
-9.797113
-9.797105
-9.798569
-9.798569
-9.798568
-9.798568
-9.798568
-9.798568
-9.798568
-9.798568
-9.798568
-9.798567
-9.798567
-9.798567
-9.798567
-9.798566
-9.798566
-9.798566
-9.798565
-9.798565
-9.798564
-9.798563
-9.798563
-9.798563
-9.798562
-9.798561
-9.798561
-9.798560
-9.798559
-9.798559
-9.798558
-9.798557
-9.798556
-9.798555
-9.798555
-9.798554
-9.798553
-9.798552
-9.798551
-9.798550
-9.798549
-9.798548
-9.798546
-9.798546
-9.798545
-9.798543
-9.798542
-9.798541
-9.798539
-9.798538
-9.798537
-9.798536
-9.798534
-9.798533
-9.798531
-9.798530
-9.798529
-9.798527
-9.798526
-9.798525
-9.798522
-9.798521
-9.798520
-9.798517
-9.798516
-9.798515
-9.798512
-9.798511
-9.798509
-9.798507
-9.798505
-9.798504
-9.798501
-9.798500
-9.798498
-9.798495
-9.798494
-9.798492
-9.798489
-9.798487
-9.798486
-9.798482
-9.798481
-9.798479
-9.798476
-9.798474
-9.798472
-9.798469
-9.798467
-9.798465
-9.798461
-9.798460
-9.798458
-9.798454
-9.798452
-9.798450
-9.798446
-9.798444
-9.798442
-9.798438
-9.798436
-9.798434
-9.798430
-9.798428
-9.798425
-9.798421
-9.798419
-9.798417
-9.798412
-9.798410
-9.798408
-9.798403
-9.798401
-9.798398
-9.798394
-9.798391
-9.798389
-9.798384
-9.798381
-9.798379
-9.798374
-9.798371
-9.798369
-9.798363
-9.798361
-9.798358
-9.798353
-9.798350
-9.798347
-9.798342
-9.798339
-9.798336
-9.798331
-9.798328
-9.798325
-9.798319
-9.798316
-9.798313
-9.798307
-9.798304
-9.798301
-9.798295
-9.798292
-9.798289
-9.798283
-9.798280
-9.798277
-9.798270
-9.798267
-9.798264
-9.798257
-9.798254
-9.798250
-9.798244
-9.798240
-9.798237
-9.798230
-9.798227
-9.798223
-9.798216
-9.798212
-9.798209
-9.798202
-9.798198
-9.798194
-9.798187
-9.798183
-9.798180
-9.798172
-9.798168
-9.798164
-9.798157
-9.798153
-9.798149
-9.798141
-9.798137
-9.798133
-9.798125
-9.798121
-9.798117
-9.798109
-9.798105
-9.798100
-9.798092
-9.798088
-9.798084
-9.798075
-9.798071
-9.798066
-9.798058
-9.798053
-9.798049
-9.798040
-9.798035
-9.798031
-9.798022
-9.798017
-9.798012
-9.798003
-9.797998
-9.797994
-9.797984
-9.797979
-9.797975
-9.797965
-9.797960
-9.797955
-9.797945
-9.797940
-9.797935
-9.797925
-9.797920
-9.797915
-9.797905
-9.797900
-9.797894
-9.797884
-9.797879
-9.797873
-9.797863
-9.797857
-9.797852
-9.797841
-9.797836
-9.797830
-9.797819
-9.797814
-9.797808
-9.797797
-9.797791
-9.797785
-9.797774
-9.797768
-9.797762
-9.797751
-9.797745
-9.797739
-9.797727
-9.797721
-9.797715
-9.797703
-9.797697
-9.797691
-9.797678
-9.797672
-9.797666
-9.797653
-9.797647
-9.797641
-9.797628
-9.797621
-9.797615
-9.797602
-9.797595
-9.797589
-9.797576
-9.797569
-9.797562
-9.797549
-9.797542
-9.797535
-9.797521
-9.797514
-9.797508
-9.797494
-9.797487
-9.797480
-9.797465
-9.797458
-9.797451
-9.797437
-9.797429
-9.797422
-9.797408
-9.797400
-9.797393
-9.797378
-9.797370
-9.797363
-9.797348
-9.797340
-9.797332
-9.797317
-9.797309
-9.797301
-9.797286
-9.797278
-9.797270
-9.797254
-9.797246
-9.797238
-9.797222
-9.797214
-9.797206
-9.797189
-9.797181
-9.797172
-9.797156
-9.797147
-9.797139
-9.797122
-9.797113
-9.797105
-9.798569
-9.798569
-9.798568
-9.798568
-9.798568
-9.798568
-9.798568
-9.798568
-9.798568
-9.798567
-9.798567
-9.798567
-9.798567
-9.798566
-9.798566
-9.798566
-9.798565
-9.798565
-9.798564
-9.798563
-9.798563
-9.798563
-9.798562
-9.798561
-9.798561
-9.798560
-9.798559
-9.798559
-9.798558
-9.798557
-9.798556
-9.798555
-9.798555
-9.798554
-9.798553
-9.798552
-9.798551
-9.798550
-9.798549
-9.798548
-9.798546
-9.798546
-9.798545
-9.798543
-9.798542
-9.798541
-9.798539
-9.798538
-9.798537
-9.798536
-9.798534
-9.798533
-9.798531
-9.798530
-9.798529
-9.798527
-9.798526
-9.798525
-9.798522
-9.798521
-9.798520
-9.798517
-9.798516
-9.798515
-9.798512
-9.798511
-9.798509
-9.798507
-9.798505
-9.798504
-9.798501
-9.798500
-9.798498
-9.798495
-9.798494
-9.798492
-9.798489
-9.798487
-9.798486
-9.798482
-9.798481
-9.798479
-9.798476
-9.798474
-9.798472
-9.798469
-9.798467
-9.798465
-9.798461
-9.798460
-9.798458
-9.798454
-9.798452
-9.798450
-9.798446
-9.798444
-9.798442
-9.798438
-9.798436
-9.798434
-9.798430
-9.798428
-9.798425
-9.798421
-9.798419
-9.798417
-9.798412
-9.798410
-9.798408
-9.798403
-9.798401
-9.798398
-9.798394
-9.798391
-9.798389
-9.798384
-9.798381
-9.798379
-9.798374
-9.798371
-9.798369
-9.798363
-9.798361
-9.798358
-9.798353
-9.798350
-9.798347
-9.798342
-9.798339
-9.798336
-9.798331
-9.798328
-9.798325
-9.798319
-9.798316
-9.798313
-9.798307
-9.798304
-9.798301
-9.798295
-9.798292
-9.798289
-9.798283
-9.798280
-9.798277
-9.798270
-9.798267
-9.798264
-9.798257
-9.798254
-9.798250
-9.798244
-9.798240
-9.798237
-9.798230
-9.798227
-9.798223
-9.798216
-9.798212
-9.798209
-9.798202
-9.798198
-9.798194
-9.798187
-9.798183
-9.798180
-9.798172
-9.798168
-9.798164
-9.798157
-9.798153
-9.798149
-9.798141
-9.798137
-9.798133
-9.798125
-9.798121
-9.798117
-9.798109
-9.798105
-9.798100
-9.798092
-9.798088
-9.798084
-9.798075
-9.798071
-9.798066
-9.798058
-9.798053
-9.798049
-9.798040
-9.798035
-9.798031
-9.798022
-9.798017
-9.798012
-9.798003
-9.797998
-9.797994
-9.797984
-9.797979
-9.797975
-9.797965
-9.797960
-9.797955
-9.797945
-9.797940
-9.797935
-9.797925
-9.797920
-9.797915
-9.797905
-9.797900
-9.797894
-9.797884
-9.797879
-9.797873
-9.797863
-9.797857
-9.797852
-9.797841
-9.797836
-9.797830
-9.797819
-9.797814
-9.797808
-9.797797
-9.797791
-9.797785
-9.797774
-9.797768
-9.797762
-9.797751
-9.797745
-9.797739
-9.797727
-9.797721
-9.797715
-9.797703
-9.797697
-9.797691
-9.797678
-9.797672
-9.797666
-9.797653
-9.797647
-9.797641
-9.797628
-9.797621
-9.797615
-9.797602
-9.797595
-9.797589
-9.797576
-9.797569
-9.797562
-9.797549
-9.797542
-9.797535
-9.797521
-9.797514
-9.797508
-9.797494
-9.797487
-9.797480
-9.797465
-9.797458
-9.797451
-9.797437
-9.797429
-9.797422
-9.797408
-9.797400
-9.797393
-9.797378
-9.797370
-9.797363
-9.797348
-9.797340
-9.797332
-9.797317
-9.797309
-9.797301
-9.797286
-9.797278
-9.797270
-9.797254
-9.797246
-9.797238
-9.797222
-9.797214
-9.797206
-9.797189
-9.797181
-9.797172
-9.797156
-9.797147
-9.797139
-9.797122
-9.797113
-9.797105
-9.798569
-9.798569
-9.798569
-9.798568
-9.798568
-9.798568
-9.798568
-9.798568
-9.798568
-9.798568
-9.798567
-9.798567
-9.798567
-9.798567
-9.798566
-9.798566
-9.798566
-9.798565
-9.798565
-9.798564
-9.798563
-9.798563
-9.798563
-9.798562
-9.798561
-9.798561
-9.798560
-9.798559
-9.798559
-9.798558
-9.798557
-9.798556
-9.798555
-9.798555
-9.798554
-9.798553
-9.798552
-9.798551
-9.798550
-9.798549
-9.798548
-9.798546
-9.798546
-9.798545
-9.798543
-9.798542
-9.798541
-9.798539
-9.798538
-9.798537
-9.798536
-9.798534
-9.798533
-9.798531
-9.798530
-9.798529
-9.798527
-9.798526
-9.798525
-9.798522
-9.798521
-9.798520
-9.798517
-9.798516
-9.798515
-9.798512
-9.798511
-9.798509
-9.798507
-9.798505
-9.798504
-9.798501
-9.798500
-9.798498
-9.798495
-9.798494
-9.798492
-9.798489
-9.798487
-9.798486
-9.798482
-9.798481
-9.798479
-9.798476
-9.798474
-9.798472
-9.798469
-9.798467
-9.798465
-9.798461
-9.798460
-9.798458
-9.798454
-9.798452
-9.798450
-9.798446
-9.798444
-9.798442
-9.798438
-9.798436
-9.798434
-9.798430
-9.798428
-9.798425
-9.798421
-9.798419
-9.798417
-9.798412
-9.798410
-9.798408
-9.798403
-9.798401
-9.798398
-9.798394
-9.798391
-9.798389
-9.798384
-9.798381
-9.798379
-9.798374
-9.798371
-9.798369
-9.798363
-9.798361
-9.798358
-9.798353
-9.798350
-9.798347
-9.798342
-9.798339
-9.798336
-9.798331
-9.798328
-9.798325
-9.798319
-9.798316
-9.798313
-9.798307
-9.798304
-9.798301
-9.798295
-9.798292
-9.798289
-9.798283
-9.798280
-9.798277
-9.798270
-9.798267
-9.798264
-9.798257
-9.798254
-9.798250
-9.798244
-9.798240
-9.798237
-9.798230
-9.798227
-9.798223
-9.798216
-9.798212
-9.798209
-9.798202
-9.798198
-9.798194
-9.798187
-9.798183
-9.798180
-9.798172
-9.798168
-9.798164
-9.798157
-9.798153
-9.798149
-9.798141
-9.798137
-9.798133
-9.798125
-9.798121
-9.798117
-9.798109
-9.798105
-9.798100
-9.798092
-9.798088
-9.798084
-9.798075
-9.798071
-9.798066
-9.798058
-9.798053
-9.798049
-9.798040
-9.798035
-9.798031
-9.798022
-9.798017
-9.798012
-9.798003
-9.797998
-9.797994
-9.797984
-9.797979
-9.797975
-9.797965
-9.797960
-9.797955
-9.797945
-9.797940
-9.797935
-9.797925
-9.797920
-9.797915
-9.797905
-9.797900
-9.797894
-9.797884
-9.797879
-9.797873
-9.797863
-9.797857
-9.797852
-9.797841
-9.797836
-9.797830
-9.797819
-9.797814
-9.797808
-9.797797
-9.797791
-9.797785
-9.797774
-9.797768
-9.797762
-9.797751
-9.797745
-9.797739
-9.797727
-9.797721
-9.797715
-9.797703
-9.797697
-9.797691
-9.797678
-9.797672
-9.797666
-9.797653
-9.797647
-9.797641
-9.797628
-9.797621
-9.797615
-9.797602
-9.797595
-9.797589
-9.797576
-9.797569
-9.797562
-9.797549
-9.797542
-9.797535
-9.797521
-9.797514
-9.797508
-9.797494
-9.797487
-9.797480
-9.797465
-9.797458
-9.797451
-9.797437
-9.797429
-9.797422
-9.797408
-9.797400
-9.797393
-9.797378
-9.797370
-9.797363
-9.797348
-9.797340
-9.797332
-9.797317
-9.797309
-9.797301
-9.797286
-9.797278
-9.797270
-9.797254
-9.797246
-9.797238
-9.797222
-9.797214
-9.797206
-9.797189
-9.797181
-9.797172
-9.797156
-9.797147
-9.797139
-9.797122
-9.797113
-9.797105
-9.798569
-9.798569
-9.798568
-9.798568
-9.798568
-9.798568
-9.798568
-9.798568
-9.798568
-9.798567
-9.798567
-9.798567
-9.798567
-9.798566
-9.798566
-9.798566
-9.798565
-9.798565
-9.798564
-9.798563
-9.798563
-9.798563
-9.798562
-9.798561
-9.798561
-9.798560
-9.798559
-9.798559
-9.798558
-9.798557
-9.798556
-9.798555
-9.798555
-9.798554
-9.798553
-9.798552
-9.798551
-9.798550
-9.798549
-9.798548
-9.798546
-9.798546
-9.798545
-9.798543
-9.798542
-9.798541
-9.798539
-9.798538
-9.798537
-9.798536
-9.798534
-9.798533
-9.798531
-9.798530
-9.798529
-9.798527
-9.798526
-9.798525
-9.798522
-9.798521
-9.798520
-9.798517
-9.798516
-9.798515
-9.798512
-9.798511
-9.798509
-9.798507
-9.798505
-9.798504
-9.798501
-9.798500
-9.798498
-9.798495
-9.798494
-9.798492
-9.798489
-9.798487
-9.798486
-9.798482
-9.798481
-9.798479
-9.798476
-9.798474
-9.798472
-9.798469
-9.798467
-9.798465
-9.798461
-9.798460
-9.798458
-9.798454
-9.798452
-9.798450
-9.798446
-9.798444
-9.798442
-9.798438
-9.798436
-9.798434
-9.798430
-9.798428
-9.798425
-9.798421
-9.798419
-9.798417
-9.798412
-9.798410
-9.798408
-9.798403
-9.798401
-9.798398
-9.798394
-9.798391
-9.798389
-9.798384
-9.798381
-9.798379
-9.798374
-9.798371
-9.798369
-9.798363
-9.798361
-9.798358
-9.798353
-9.798350
-9.798347
-9.798342
-9.798339
-9.798336
-9.798331
-9.798328
-9.798325
-9.798319
-9.798316
-9.798313
-9.798307
-9.798304
-9.798301
-9.798295
-9.798292
-9.798289
-9.798283
-9.798280
-9.798277
-9.798270
-9.798267
-9.798264
-9.798257
-9.798254
-9.798250
-9.798244
-9.798240
-9.798237
-9.798230
-9.798227
-9.798223
-9.798216
-9.798212
-9.798209
-9.798202
-9.798198
-9.798194
-9.798187
-9.798183
-9.798180
-9.798172
-9.798168
-9.798164
-9.798157
-9.798153
-9.798149
-9.798141
-9.798137
-9.798133
-9.798125
-9.798121
-9.798117
-9.798109
-9.798105
-9.798100
-9.798092
-9.798088
-9.798084
-9.798075
-9.798071
-9.798066
-9.798058
-9.798053
-9.798049
-9.798040
-9.798035
-9.798031
-9.798022
-9.798017
-9.798012
-9.798003
-9.797998
-9.797994
-9.797984
-9.797979
-9.797975
-9.797965
-9.797960
-9.797955
-9.797945
-9.797940
-9.797935
-9.797925
-9.797920
-9.797915
-9.797905
-9.797900
-9.797894
-9.797884
-9.797879
-9.797873
-9.797863
-9.797857
-9.797852
-9.797841
-9.797836
-9.797830
-9.797819
-9.797814
-9.797808
-9.797797
-9.797791
-9.797785
-9.797774
-9.797768
-9.797762
-9.797751
-9.797745
-9.797739
-9.797727
-9.797721
-9.797715
-9.797703
-9.797697
-9.797691
-9.797678
-9.797672
-9.797666
-9.797653
-9.797647
-9.797641
-9.797628
-9.797621
-9.797615
-9.797602
-9.797595
-9.797589
-9.797576
-9.797569
-9.797562
-9.797549
-9.797542
-9.797535
-9.797521
-9.797514
-9.797508
-9.797494
-9.797487
-9.797480
-9.797465
-9.797458
-9.797451
-9.797437
-9.797429
-9.797422
-9.797408
-9.797400
-9.797393
-9.797378
-9.797370
-9.797363
-9.797348
-9.797340
-9.797332
-9.797317
-9.797309
-9.797301
-9.797286
-9.797278
-9.797270
-9.797254
-9.797246
-9.797238
-9.797222
-9.797214
-9.797206
-9.797189
-9.797181
-9.797172
-9.797156
-9.797147
-9.797139
-9.797122
-9.797113
-9.797105
