93.091200
93.091200
93.091200
93.091200
93.091200
93.091200
93.091239
93.091257
93.091276
93.091313
93.091331
93.091349
93.091386
93.091403
93.091421
93.091456
93.091472
93.091490
93.091523
93.091539
93.091556
93.091589
93.091604
93.091620
93.091652
93.091667
93.091682
93.091713
93.091727
93.091742
93.091771
93.091785
93.091800
93.091828
93.091841
93.091855
93.091882
93.091894
93.091907
93.091933
93.091945
93.091958
93.091982
93.091994
93.092006
93.092029
93.092040
93.092051
93.092074
93.092084
93.092095
93.092116
93.092126
93.092136
93.092156
93.092165
93.092174
93.092193
93.092202
93.092211
93.092228
93.092236
93.092244
93.092261
93.092268
93.092276
93.092291
93.092298
93.092305
93.092319
93.092325
93.092332
93.092344
93.092350
93.092356
93.092367
93.092372
93.092377
93.092388
93.092392
93.092397
93.092406
93.092409
93.092413
93.092421
93.092424
93.092427
93.092434
93.092436
93.092439
93.092444
93.092446
93.092448
93.092452
93.092453
93.092455
93.092458
93.092458
93.092459
93.092460
93.092460
93.092461
93.092461
93.092460
93.092459
93.092458
93.092457
93.092456
93.092453
93.092451
93.092449
93.092445
93.092443
93.092440
93.092435
93.092432
93.092429
93.092422
93.092418
93.092414
93.092406
93.092401
93.092397
93.092388
93.092382
93.092377
93.092366
93.092360
93.092354
93.092342
93.092335
93.092329
93.092316
93.092308
93.092301
93.092286
93.092277
93.092270
93.092253
93.092244
93.092236
93.092218
93.092208
93.092199
93.092180
93.092169
93.092159
93.092138
93.092127
93.092116
93.092094
93.092082
93.092070
93.092047
93.092034
93.092022
93.091996
93.091983
93.091970
93.091943
93.091929
93.091915
93.091887
93.091872
93.091857
93.091827
93.091811
93.091796
93.091765
93.091748
93.091732
93.091699
93.091681
93.091664
93.091630
93.091611
93.091594
93.091558
93.091538
93.091520
93.091482
93.091462
93.091443
93.091403
93.091382
93.091362
93.091321
93.091299
93.091278
93.091236
93.091213
93.091191
93.091147
93.091123
93.091100
93.091054
93.091030
93.091006
93.090958
93.090933
93.090909
93.090859
93.090833
93.090807
93.090756
93.090729
93.090703
93.090649
93.090621
93.090594
93.090539
93.090510
93.090482
93.090425
93.090395
93.090367
93.090308
93.090277
93.090247
93.090186
93.090155
93.090124
93.090061
93.090029
93.089997
93.089932
93.089899
93.089866
93.089799
93.089765
93.089731
93.089663
93.089627
93.089592
93.089522
93.089485
93.089449
93.089377
93.089339
93.089303
93.089228
93.089189
93.089152
93.089075
93.089035
93.088997
93.088918
93.088877
93.088837
93.088757
93.088715
93.088674
93.088591
93.088548
93.088506
93.088421
93.088377
93.088334
93.088247
93.088202
93.088158
93.088069
93.088022
93.087977
93.087886
93.087838
93.087792
93.087698
93.087650
93.087602
93.087506
93.087456
93.087408
93.087309
93.087259
93.087209
93.087108
93.087056
93.087005
93.086902
93.086849
93.086797
93.086691
93.086637
93.086584
93.086476
93.086420
93.086366
93.086255
93.086198
93.086143
93.086030
93.085972
93.085915
93.085800
93.085740
93.085682
93.085564
93.085504
93.085444
93.085324
93.085262
93.085201
93.085079
93.085015
93.084953
93.091200
93.091239
93.091257
93.091276
93.091313
93.091331
93.091349
93.091386
93.091403
93.091421
93.091456
93.091472
93.091490
93.091523
93.091539
93.091556
93.091589
93.091604
93.091620
93.091652
93.091667
93.091682
93.091713
93.091727
93.091742
93.091771
93.091785
93.091800
93.091828
93.091841
93.091855
93.091882
93.091894
93.091907
93.091933
93.091945
93.091958
93.091982
93.091994
93.092006
93.092029
93.092040
93.092051
93.092074
93.092084
93.092095
93.092116
93.092126
93.092136
93.092156
93.092165
93.092174
93.092193
93.092202
93.092211
93.092228
93.092236
93.092244
93.092261
93.092268
93.092276
93.092291
93.092298
93.092305
93.092319
93.092325
93.092332
93.092344
93.092350
93.092356
93.092367
93.092372
93.092377
93.092388
93.092392
93.092397
93.092406
93.092409
93.092413
93.092421
93.092424
93.092427
93.092434
93.092436
93.092439
93.092444
93.092446
93.092448
93.092452
93.092453
93.092455
93.092458
93.092458
93.092459
93.092460
93.092460
93.092461
93.092461
93.092460
93.092459
93.092458
93.092457
93.092456
93.092453
93.092451
93.092449
93.092445
93.092443
93.092440
93.092435
93.092432
93.092429
93.092422
93.092418
93.092414
93.092406
93.092401
93.092397
93.092388
93.092382
93.092377
93.092366
93.092360
93.092354
93.092342
93.092335
93.092329
93.092316
93.092308
93.092301
93.092286
93.092277
93.092270
93.092253
93.092244
93.092236
93.092218
93.092208
93.092199
93.092180
93.092169
93.092159
93.092138
93.092127
93.092116
93.092094
93.092082
93.092070
93.092047
93.092034
93.092022
93.091996
93.091983
93.091970
93.091943
93.091929
93.091915
93.091887
93.091872
93.091857
93.091827
93.091811
93.091796
93.091765
93.091748
93.091732
93.091699
93.091681
93.091664
93.091630
93.091611
93.091594
93.091558
93.091538
93.091520
93.091482
93.091462
93.091443
93.091403
93.091382
93.091362
93.091321
93.091299
93.091278
93.091236
93.091213
93.091191
93.091147
93.091123
93.091100
93.091054
93.091030
93.091006
93.090958
93.090933
93.090909
93.090859
93.090833
93.090807
93.090756
93.090729
93.090703
93.090649
93.090621
93.090594
93.090539
93.090510
93.090482
93.090425
93.090395
93.090367
93.090308
93.090277
93.090247
93.090186
93.090155
93.090124
93.090061
93.090029
93.089997
93.089932
93.089899
93.089866
93.089799
93.089765
93.089731
93.089663
93.089627
93.089592
93.089522
93.089485
93.089449
93.089377
93.089339
93.089303
93.089228
93.089189
93.089152
93.089075
93.089035
93.088997
93.088918
93.088877
93.088837
93.088757
93.088715
93.088674
93.088591
93.088548
93.088506
93.088421
93.088377
93.088334
93.088247
93.088202
93.088158
93.088069
93.088022
93.087977
93.087886
93.087838
93.087792
93.087698
93.087650
93.087602
93.087506
93.087456
93.087408
93.087309
93.087259
93.087209
93.087108
93.087056
93.087005
93.086902
93.086849
93.086797
93.086691
93.086637
93.086584
93.086476
93.086420
93.086366
93.086255
93.086198
93.086143
93.086030
93.085972
93.085915
93.085800
93.085740
93.085682
93.085564
93.085504
93.085444
93.085324
93.085262
93.085201
93.085079
93.085015
93.084953
93.091200
93.091239
93.091257
93.091276
93.091313
93.091331
93.091349
93.091386
93.091403
93.091421
93.091456
93.091472
93.091490
93.091523
93.091539
93.091556
93.091589
93.091604
93.091620
93.091652
93.091667
93.091682
93.091713
93.091727
93.091742
93.091771
93.091785
93.091800
93.091828
93.091841
93.091855
93.091882
93.091894
93.091907
93.091933
93.091945
93.091958
93.091982
93.091994
93.092006
93.092029
93.092040
93.092051
93.092074
93.092084
93.092095
93.092116
93.092126
93.092136
93.092156
93.092165
93.092174
93.092193
93.092202
93.092211
93.092228
93.092236
93.092244
93.092261
93.092268
93.092276
93.092291
93.092298
93.092305
93.092319
93.092325
93.092332
93.092344
93.092350
93.092356
93.092367
93.092372
93.092377
93.092388
93.092392
93.092397
93.092406
93.092409
93.092413
93.092421
93.092424
93.092427
93.092434
93.092436
93.092439
93.092444
93.092446
93.092448
93.092452
93.092453
93.092455
93.092458
93.092458
93.092459
93.092460
93.092460
93.092461
93.092461
93.092460
93.092459
93.092458
93.092457
93.092456
93.092453
93.092451
93.092449
93.092445
93.092443
93.092440
93.092435
93.092432
93.092429
93.092422
93.092418
93.092414
93.092406
93.092401
93.092397
93.092388
93.092382
93.092377
93.092366
93.092360
93.092354
93.092342
93.092335
93.092329
93.092316
93.092308
93.092301
93.092286
93.092277
93.092270
93.092253
93.092244
93.092236
93.092218
93.092208
93.092199
93.092180
93.092169
93.092159
93.092138
93.092127
93.092116
93.092094
93.092082
93.092070
93.092047
93.092034
93.092022
93.091996
93.091983
93.091970
93.091943
93.091929
93.091915
93.091887
93.091872
93.091857
93.091827
93.091811
93.091796
93.091765
93.091748
93.091732
93.091699
93.091681
93.091664
93.091630
93.091611
93.091594
93.091558
93.091538
93.091520
93.091482
93.091462
93.091443
93.091403
93.091382
93.091362
93.091321
93.091299
93.091278
93.091236
93.091213
93.091191
93.091147
93.091123
93.091100
93.091054
93.091030
93.091006
93.090958
93.090933
93.090909
93.090859
93.090833
93.090807
93.090756
93.090729
93.090703
93.090649
93.090621
93.090594
93.090539
93.090510
93.090482
93.090425
93.090395
93.090367
93.090308
93.090277
93.090247
93.090186
93.090155
93.090124
93.090061
93.090029
93.089997
93.089932
93.089899
93.089866
93.089799
93.089765
93.089731
93.089663
93.089627
93.089592
93.089522
93.089485
93.089449
93.089377
93.089339
93.089303
93.089228
93.089189
93.089152
93.089075
93.089035
93.088997
93.088918
93.088877
93.088837
93.088757
93.088715
93.088674
93.088591
93.088548
93.088506
93.088421
93.088377
93.088334
93.088247
93.088202
93.088158
93.088069
93.088022
93.087977
93.087886
93.087838
93.087792
93.087698
93.087650
93.087602
93.087506
93.087456
93.087408
93.087309
93.087259
93.087209
93.087108
93.087056
93.087005
93.086902
93.086849
93.086797
93.086691
93.086637
93.086584
93.086476
93.086420
93.086366
93.086255
93.086198
93.086143
93.086030
93.085972
93.085915
93.085800
93.085740
93.085682
93.085564
93.085504
93.085444
93.085324
93.085262
93.085201
93.085079
93.085015
93.084953
93.091200
93.091239
93.091257
93.091276
93.091313
93.091331
93.091349
93.091386
93.091403
93.091421
93.091456
93.091472
93.091490
93.091523
93.091539
93.091556
93.091589
93.091604
93.091620
93.091652
93.091667
93.091682
93.091713
93.091727
93.091742
93.091771
93.091785
93.091800
93.091828
93.091841
93.091855
93.091882
93.091894
93.091907
93.091933
93.091945
93.091958
93.091982
93.091994
93.092006
93.092029
93.092040
93.092051
93.092074
93.092084
93.092095
93.092116
93.092126
93.092136
93.092156
93.092165
93.092174
93.092193
93.092202
93.092211
93.092228
93.092236
93.092244
93.092261
93.092268
93.092276
93.092291
93.092298
93.092305
93.092319
93.092325
93.092332
93.092344
93.092350
93.092356
93.092367
93.092372
93.092377
93.092388
93.092392
93.092397
93.092406
93.092409
93.092413
93.092421
93.092424
93.092427
93.092434
93.092436
93.092439
93.092444
93.092446
93.092448
93.092452
93.092453
93.092455
93.092458
93.092458
93.092459
93.092460
93.092460
93.092461
93.092461
93.092460
93.092459
93.092458
93.092457
93.092456
93.092453
93.092451
93.092449
93.092445
93.092443
93.092440
93.092435
93.092432
93.092429
93.092422
93.092418
93.092414
93.092406
93.092401
93.092397
93.092388
93.092382
93.092377
93.092366
93.092360
93.092354
93.092342
93.092335
93.092329
93.092316
93.092308
93.092301
93.092286
93.092277
93.092270
93.092253
93.092244
93.092236
93.092218
93.092208
93.092199
93.092180
93.092169
93.092159
93.092138
93.092127
93.092116
93.092094
93.092082
93.092070
93.092047
93.092034
93.092022
93.091996
93.091983
93.091970
93.091943
93.091929
93.091915
93.091887
93.091872
93.091857
93.091827
93.091811
93.091796
93.091765
93.091748
93.091732
93.091699
93.091681
93.091664
93.091630
93.091611
93.091594
93.091558
93.091538
93.091520
93.091482
93.091462
93.091443
93.091403
93.091382
93.091362
93.091321
93.091299
93.091278
93.091236
93.091213
93.091191
93.091147
93.091123
93.091100
93.091054
93.091030
93.091006
93.090958
93.090933
93.090909
93.090859
93.090833
93.090807
93.090756
93.090729
93.090703
93.090649
93.090621
93.090594
93.090539
93.090510
93.090482
93.090425
93.090395
93.090367
93.090308
93.090277
93.090247
93.090186
93.090155
93.090124
93.090061
93.090029
93.089997
93.089932
93.089899
93.089866
93.089799
93.089765
93.089731
93.089663
93.089627
93.089592
93.089522
93.089485
93.089449
93.089377
93.089339
93.089303
93.089228
93.089189
93.089152
93.089075
93.089035
93.088997
93.088918
93.088877
93.088837
93.088757
93.088715
93.088674
93.088591
93.088548
93.088506
93.088421
93.088377
93.088334
93.088247
93.088202
93.088158
93.088069
93.088022
93.087977
93.087886
93.087838
93.087792
93.087698
93.087650
93.087602
93.087506
93.087456
93.087408
93.087309
93.087259
93.087209
93.087108
93.087056
93.087005
93.086902
93.086849
93.086797
93.086691
93.086637
93.086584
93.086476
93.086420
93.086366
93.086255
93.086198
93.086143
93.086030
93.085972
93.085915
93.085800
93.085740
93.085682
93.085564
93.085504
93.085444
93.085324
93.085262
93.085201
93.085079
93.085015
93.084953
93.091200
93.091239
93.091257
93.091276
93.091313
93.091331
93.091349
93.091386
93.091403
93.091421
93.091456
93.091472
93.091490
93.091523
93.091539
93.091556
93.091589
93.091604
93.091620
93.091652
93.091667
93.091682
93.091713
93.091727
93.091742
93.091771
93.091785
93.091800
93.091828
93.091841
93.091855
93.091882
93.091894
93.091907
93.091933
93.091945
93.091958
93.091982
93.091994
93.092006
93.092029
93.092040
93.092051
93.092074
93.092084
93.092095
93.092116
93.092126
93.092136
93.092156
93.092165
93.092174
93.092193
93.092202
93.092211
93.092228
93.092236
93.092244
93.092261
93.092268
93.092276
93.092291
93.092298
93.092305
93.092319
93.092325
93.092332
93.092344
93.092350
93.092356
93.092367
93.092372
93.092377
93.092388
93.092392
93.092397
93.092406
93.092409
93.092413
93.092421
93.092424
93.092427
93.092434
93.092436
93.092439
93.092444
93.092446
93.092448
93.092452
93.092453
93.092455
93.092458
93.092458
93.092459
93.092460
93.092460
93.092461
93.092461
93.092460
93.092459
93.092458
93.092457
93.092456
93.092453
93.092451
93.092449
93.092445
93.092443
93.092440
93.092435
93.092432
93.092429
93.092422
93.092418
93.092414
93.092406
93.092401
93.092397
93.092388
93.092382
93.092377
93.092366
93.092360
93.092354
93.092342
93.092335
93.092329
93.092316
93.092308
93.092301
93.092286
93.092277
93.092270
93.092253
93.092244
93.092236
93.092218
93.092208
93.092199
93.092180
93.092169
93.092159
93.092138
93.092127
93.092116
93.092094
93.092082
93.092070
93.092047
93.092034
93.092022
93.091996
93.091983
93.091970
93.091943
93.091929
93.091915
93.091887
93.091872
93.091857
93.091827
93.091811
93.091796
93.091765
93.091748
93.091732
93.091699
93.091681
93.091664
93.091630
93.091611
93.091594
93.091558
93.091538
93.091520
93.091482
93.091462
93.091443
93.091403
93.091382
93.091362
93.091321
93.091299
93.091278
93.091236
93.091213
93.091191
93.091147
93.091123
93.091100
93.091054
93.091030
93.091006
93.090958
93.090933
93.090909
93.090859
93.090833
93.090807
93.090756
93.090729
93.090703
93.090649
93.090621
93.090594
93.090539
93.090510
93.090482
93.090425
93.090395
93.090367
93.090308
93.090277
93.090247
93.090186
93.090155
93.090124
93.090061
93.090029
93.089997
93.089932
93.089899
93.089866
93.089799
93.089765
93.089731
93.089663
93.089627
93.089592
93.089522
93.089485
93.089449
93.089377
93.089339
93.089303
93.089228
93.089189
93.089152
93.089075
93.089035
93.088997
93.088918
93.088877
93.088837
93.088757
93.088715
93.088674
93.088591
93.088548
93.088506
93.088421
93.088377
93.088334
93.088247
93.088202
93.088158
93.088069
93.088022
93.087977
93.087886
93.087838
93.087792
93.087698
93.087650
93.087602
93.087506
93.087456
93.087408
93.087309
93.087259
93.087209
93.087108
93.087056
93.087005
93.086902
93.086849
93.086797
93.086691
93.086637
93.086584
93.086476
93.086420
93.086366
93.086255
93.086198
93.086143
93.086030
93.085972
93.085915
93.085800
93.085740
93.085682
93.085564
93.085504
93.085444
93.085324
93.085262
93.085201
93.085079
93.085015
93.084953
93.091200
93.091239
93.091257
93.091276
93.091313
93.091331
93.091349
93.091386
93.091403
93.091421
93.091456
93.091472
93.091490
93.091523
93.091539
93.091556
93.091589
93.091604
93.091620
93.091652
93.091667
93.091682
93.091713
93.091727
93.091742
93.091771
93.091785
93.091800
93.091828
93.091841
93.091855
93.091882
93.091894
93.091907
93.091933
93.091945
93.091958
93.091982
93.091994
93.092006
93.092029
93.092040
93.092051
93.092074
93.092084
93.092095
93.092116
93.092126
93.092136
93.092156
93.092165
93.092174
93.092193
93.092202
93.092211
93.092228
93.092236
93.092244
93.092261
93.092268
93.092276
93.092291
93.092298
93.092305
93.092319
93.092325
93.092332
93.092344
93.092350
93.092356
93.092367
93.092372
93.092377
93.092388
93.092392
93.092397
93.092406
93.092409
93.092413
93.092421
93.092424
93.092427
93.092434
93.092436
93.092439
93.092444
93.092446
93.092448
93.092452
93.092453
93.092455
93.092458
93.092458
93.092459
93.092460
93.092460
93.092461
93.092461
93.092460
93.092459
93.092458
93.092457
93.092456
93.092453
93.092451
93.092449
93.092445
93.092443
93.092440
93.092435
93.092432
93.092429
93.092422
93.092418
93.092414
93.092406
93.092401
93.092397
93.092388
93.092382
93.092377
93.092366
93.092360
93.092354
93.092342
93.092335
93.092329
93.092316
93.092308
93.092301
93.092286
93.092277
93.092270
93.092253
93.092244
93.092236
93.092218
93.092208
93.092199
93.092180
93.092169
93.092159
93.092138
93.092127
93.092116
93.092094
93.092082
93.092070
93.092047
93.092034
93.092022
93.091996
93.091983
93.091970
93.091943
93.091929
93.091915
93.091887
93.091872
93.091857
93.091827
93.091811
93.091796
93.091765
93.091748
93.091732
93.091699
93.091681
93.091664
93.091630
93.091611
93.091594
93.091558
93.091538
93.091520
93.091482
93.091462
93.091443
93.091403
93.091382
93.091362
93.091321
93.091299
93.091278
93.091236
93.091213
93.091191
93.091147
93.091123
93.091100
93.091054
93.091030
93.091006
93.090958
93.090933
93.090909
93.090859
93.090833
93.090807
93.090756
93.090729
93.090703
93.090649
93.090621
93.090594
93.090539
93.090510
93.090482
93.090425
93.090395
93.090367
93.090308
93.090277
93.090247
93.090186
93.090155
93.090124
93.090061
93.090029
93.089997
93.089932
93.089899
93.089866
93.089799
93.089765
93.089731
93.089663
93.089627
93.089592
93.089522
93.089485
93.089449
93.089377
93.089339
93.089303
93.089228
93.089189
93.089152
93.089075
93.089035
93.088997
93.088918
93.088877
93.088837
93.088757
93.088715
93.088674
93.088591
93.088548
93.088506
93.088421
93.088377
93.088334
93.088247
93.088202
93.088158
93.088069
93.088022
93.087977
93.087886
93.087838
93.087792
93.087698
93.087650
93.087602
93.087506
93.087456
93.087408
93.087309
93.087259
93.087209
93.087108
93.087056
93.087005
93.086902
93.086849
93.086797
93.086691
93.086637
93.086584
93.086476
93.086420
93.086366
93.086255
93.086198
93.086143
93.086030
93.085972
93.085915
93.085800
93.085740
93.085682
93.085564
93.085504
93.085444
93.085324
93.085262
93.085201
93.085079
93.085015
93.084953
93.091200
93.091239
93.091257
93.091276
93.091313
93.091331
93.091349
93.091386
93.091403
93.091421
93.091456
93.091472
93.091490
93.091523
93.091539
93.091556
93.091589
93.091604
93.091620
93.091652
93.091667
93.091682
93.091713
93.091727
93.091742
93.091771
93.091785
93.091800
93.091828
93.091841
93.091855
93.091882
93.091894
93.091907
93.091933
93.091945
93.091958
93.091982
93.091994
93.092006
93.092029
93.092040
93.092051
93.092074
93.092084
93.092095
93.092116
93.092126
93.092136
93.092156
93.092165
93.092174
93.092193
93.092202
93.092211
93.092228
93.092236
93.092244
93.092261
93.092268
93.092276
93.092291
93.092298
93.092305
93.092319
93.092325
93.092332
93.092344
93.092350
93.092356
93.092367
93.092372
93.092377
93.092388
93.092392
93.092397
93.092406
93.092409
93.092413
93.092421
93.092424
93.092427
93.092434
93.092436
93.092439
93.092444
93.092446
93.092448
93.092452
93.092453
93.092455
93.092458
93.092458
93.092459
93.092460
93.092460
93.092461
93.092461
93.092460
93.092459
93.092458
93.092457
93.092456
93.092453
93.092451
93.092449
93.092445
93.092443
93.092440
93.092435
93.092432
93.092429
93.092422
93.092418
93.092414
93.092406
93.092401
93.092397
93.092388
93.092382
93.092377
93.092366
93.092360
93.092354
93.092342
93.092335
93.092329
93.092316
93.092308
93.092301
93.092286
93.092277
93.092270
93.092253
93.092244
93.092236
93.092218
93.092208
93.092199
93.092180
93.092169
93.092159
93.092138
93.092127
93.092116
93.092094
93.092082
93.092070
93.092047
93.092034
93.092022
93.091996
93.091983
93.091970
93.091943
93.091929
93.091915
93.091887
93.091872
93.091857
93.091827
93.091811
93.091796
93.091765
93.091748
93.091732
93.091699
93.091681
93.091664
93.091630
93.091611
93.091594
93.091558
93.091538
93.091520
93.091482
93.091462
93.091443
93.091403
93.091382
93.091362
93.091321
93.091299
93.091278
93.091236
93.091213
93.091191
93.091147
93.091123
93.091100
93.091054
93.091030
93.091006
93.090958
93.090933
93.090909
93.090859
93.090833
93.090807
93.090756
93.090729
93.090703
93.090649
93.090621
93.090594
93.090539
93.090510
93.090482
93.090425
93.090395
93.090367
93.090308
93.090277
93.090247
93.090186
93.090155
93.090124
93.090061
93.090029
93.089997
93.089932
93.089899
93.089866
93.089799
93.089765
93.089731
93.089663
93.089627
93.089592
93.089522
93.089485
93.089449
93.089377
93.089339
93.089303
93.089228
93.089189
93.089152
93.089075
93.089035
93.088997
93.088918
93.088877
93.088837
93.088757
93.088715
93.088674
93.088591
93.088548
93.088506
93.088421
93.088377
93.088334
93.088247
93.088202
93.088158
93.088069
93.088022
93.087977
93.087886
93.087838
93.087792
93.087698
93.087650
93.087602
93.087506
93.087456
93.087408
93.087309
93.087259
93.087209
93.087108
93.087056
93.087005
93.086902
93.086849
93.086797
93.086691
93.086637
93.086584
93.086476
93.086420
93.086366
93.086255
93.086198
93.086143
93.086030
93.085972
93.085915
93.085800
93.085740
93.085682
93.085564
93.085504
93.085444
93.085324
93.085262
93.085201
93.085079
93.085015
93.084953
93.091200
93.091200
93.091239
93.091257
93.091276
93.091313
93.091331
93.091349
93.091386
93.091403
93.091421
93.091456
93.091472
93.091490
93.091523
93.091539
93.091556
93.091589
93.091604
93.091620
93.091652
93.091667
93.091682
93.091713
93.091727
93.091742
93.091771
93.091785
93.091800
93.091828
93.091841
93.091855
93.091882
93.091894
93.091907
93.091933
93.091945
93.091958
93.091982
93.091994
93.092006
93.092029
93.092040
93.092051
93.092074
93.092084
93.092095
93.092116
93.092126
93.092136
93.092156
93.092165
93.092174
93.092193
93.092202
93.092211
93.092228
93.092236
93.092244
93.092261
93.092268
93.092276
93.092291
93.092298
93.092305
93.092319
93.092325
93.092332
93.092344
93.092350
93.092356
93.092367
93.092372
93.092377
93.092388
93.092392
93.092397
93.092406
93.092409
93.092413
93.092421
93.092424
93.092427
93.092434
93.092436
93.092439
93.092444
93.092446
93.092448
93.092452
93.092453
93.092455
93.092458
93.092458
93.092459
93.092460
93.092460
93.092461
93.092461
93.092460
93.092459
93.092458
93.092457
93.092456
93.092453
93.092451
93.092449
93.092445
93.092443
93.092440
93.092435
93.092432
93.092429
93.092422
93.092418
93.092414
93.092406
93.092401
93.092397
93.092388
93.092382
93.092377
93.092366
93.092360
93.092354
93.092342
93.092335
93.092329
93.092316
93.092308
93.092301
93.092286
93.092277
93.092270
93.092253
93.092244
93.092236
93.092218
93.092208
93.092199
93.092180
93.092169
93.092159
93.092138
93.092127
93.092116
93.092094
93.092082
93.092070
93.092047
93.092034
93.092022
93.091996
93.091983
93.091970
93.091943
93.091929
93.091915
93.091887
93.091872
93.091857
93.091827
93.091811
93.091796
93.091765
93.091748
93.091732
93.091699
93.091681
93.091664
93.091630
93.091611
93.091594
93.091558
93.091538
93.091520
93.091482
93.091462
93.091443
93.091403
93.091382
93.091362
93.091321
93.091299
93.091278
93.091236
93.091213
93.091191
93.091147
93.091123
93.091100
93.091054
93.091030
93.091006
93.090958
93.090933
93.090909
93.090859
93.090833
93.090807
93.090756
93.090729
93.090703
93.090649
93.090621
93.090594
93.090539
93.090510
93.090482
93.090425
93.090395
93.090367
93.090308
93.090277
93.090247
93.090186
93.090155
93.090124
93.090061
93.090029
93.089997
93.089932
93.089899
93.089866
93.089799
93.089765
93.089731
93.089663
93.089627
93.089592
93.089522
93.089485
93.089449
93.089377
93.089339
93.089303
93.089228
93.089189
93.089152
93.089075
93.089035
93.088997
93.088918
93.088877
93.088837
93.088757
93.088715
93.088674
93.088591
93.088548
93.088506
93.088421
93.088377
93.088334
93.088247
93.088202
93.088158
93.088069
93.088022
93.087977
93.087886
93.087838
93.087792
93.087698
93.087650
93.087602
93.087506
93.087456
93.087408
93.087309
93.087259
93.087209
93.087108
93.087056
93.087005
93.086902
93.086849
93.086797
93.086691
93.086637
93.086584
93.086476
93.086420
93.086366
93.086255
93.086198
93.086143
93.086030
93.085972
93.085915
93.085800
93.085740
93.085682
93.085564
93.085504
93.085444
93.085324
93.085262
93.085201
93.085079
93.085015
93.084953
93.091200
93.091239
93.091257
93.091276
93.091313
93.091331
93.091349
93.091386
93.091403
93.091421
93.091456
93.091472
93.091490
93.091523
93.091539
93.091556
93.091589
93.091604
93.091620
93.091652
93.091667
93.091682
93.091713
93.091727
93.091742
93.091771
93.091785
93.091800
93.091828
93.091841
93.091855
93.091882
93.091894
93.091907
93.091933
93.091945
93.091958
93.091982
93.091994
93.092006
93.092029
93.092040
93.092051
93.092074
93.092084
93.092095
93.092116
93.092126
93.092136
93.092156
93.092165
93.092174
93.092193
93.092202
93.092211
93.092228
93.092236
93.092244
93.092261
93.092268
93.092276
93.092291
93.092298
93.092305
93.092319
93.092325
93.092332
93.092344
93.092350
93.092356
93.092367
93.092372
93.092377
93.092388
93.092392
93.092397
93.092406
93.092409
93.092413
93.092421
93.092424
93.092427
93.092434
93.092436
93.092439
93.092444
93.092446
93.092448
93.092452
93.092453
93.092455
93.092458
93.092458
93.092459
93.092460
93.092460
93.092461
93.092461
93.092460
93.092459
93.092458
93.092457
93.092456
93.092453
93.092451
93.092449
93.092445
93.092443
93.092440
93.092435
93.092432
93.092429
93.092422
93.092418
93.092414
93.092406
93.092401
93.092397
93.092388
93.092382
93.092377
93.092366
93.092360
93.092354
93.092342
93.092335
93.092329
93.092316
93.092308
93.092301
93.092286
93.092277
93.092270
93.092253
93.092244
93.092236
93.092218
93.092208
93.092199
93.092180
93.092169
93.092159
93.092138
93.092127
93.092116
93.092094
93.092082
93.092070
93.092047
93.092034
93.092022
93.091996
93.091983
93.091970
93.091943
93.091929
93.091915
93.091887
93.091872
93.091857
93.091827
93.091811
93.091796
93.091765
93.091748
93.091732
93.091699
93.091681
93.091664
93.091630
93.091611
93.091594
93.091558
93.091538
93.091520
93.091482
93.091462
93.091443
93.091403
93.091382
93.091362
93.091321
93.091299
93.091278
93.091236
93.091213
93.091191
93.091147
93.091123
93.091100
93.091054
93.091030
93.091006
93.090958
93.090933
93.090909
93.090859
93.090833
93.090807
93.090756
93.090729
93.090703
93.090649
93.090621
93.090594
93.090539
93.090510
93.090482
93.090425
93.090395
93.090367
93.090308
93.090277
93.090247
93.090186
93.090155
93.090124
93.090061
93.090029
93.089997
93.089932
93.089899
93.089866
93.089799
93.089765
93.089731
93.089663
93.089627
93.089592
93.089522
93.089485
93.089449
93.089377
93.089339
93.089303
93.089228
93.089189
93.089152
93.089075
93.089035
93.088997
93.088918
93.088877
93.088837
93.088757
93.088715
93.088674
93.088591
93.088548
93.088506
93.088421
93.088377
93.088334
93.088247
93.088202
93.088158
93.088069
93.088022
93.087977
93.087886
93.087838
93.087792
93.087698
93.087650
93.087602
93.087506
93.087456
93.087408
93.087309
93.087259
93.087209
93.087108
93.087056
93.087005
93.086902
93.086849
93.086797
93.086691
93.086637
93.086584
93.086476
93.086420
93.086366
93.086255
93.086198
93.086143
93.086030
93.085972
93.085915
93.085800
93.085740
93.085682
93.085564
93.085504
93.085444
93.085324
93.085262
93.085201
93.085079
93.085015
93.084953
