0.000000
0.000000
0.000000
0.000000
0.000000
0.000000
0.000007
0.000011
0.000014
0.000022
0.000025
0.000029
0.000036
0.000040
0.000043
0.000051
0.000054
0.000058
0.000065
0.000069
0.000072
0.000079
0.000083
0.000087
0.000094
0.000097
0.000101
0.000108
0.000112
0.000115
0.000123
0.000126
0.000130
0.000137
0.000141
0.000144
0.000152
0.000155
0.000159
0.000166
0.000170
0.000173
0.000180
0.000184
0.000188
0.000195
0.000198
0.000202
0.000209
0.000213
0.000216
0.000224
0.000227
0.000231
0.000238
0.000242
0.000245
0.000253
0.000256
0.000260
0.000267
0.000271
0.000274
0.000281
0.000285
0.000289
0.000296
0.000299
0.000303
0.000310
0.000314
0.000318
0.000325
0.000328
0.000332
0.000339
0.000343
0.000346
0.000354
0.000357
0.000361
0.000368
0.000372
0.000375
0.000382
0.000386
0.000390
0.000397
0.000400
0.000404
0.000411
0.000415
0.000419
0.000426
0.000429
0.000433
0.000440
0.000444
0.000447
0.000455
0.000458
0.000462
0.000469
0.000473
0.000476
0.000483
0.000487
0.000491
0.000498
0.000502
0.000505
0.000512
0.000516
0.000520
0.000527
0.000530
0.000534
0.000541
0.000545
0.000548
0.000556
0.000559
0.000563
0.000570
0.000574
0.000577
0.000585
0.000588
0.000592
0.000599
0.000603
0.000606
0.000613
0.000617
0.000621
0.000628
0.000631
0.000635
0.000642
0.000646
0.000649
0.000657
0.000660
0.000664
0.000671
0.000675
0.000678
0.000686
0.000689
0.000693
0.000700
0.000704
0.000707
0.000714
0.000718
0.000722
0.000729
0.000732
0.000736
0.000743
0.000747
0.000750
0.000758
0.000761
0.000765
0.000772
0.000776
0.000779
0.000787
0.000790
0.000794
0.000801
0.000805
0.000808
0.000815
0.000819
0.000823
0.000830
0.000833
0.000837
0.000844
0.000848
0.000852
0.000859
0.000862
0.000866
0.000873
0.000877
0.000880
0.000888
0.000891
0.000895
0.000902
0.000906
0.000909
0.000916
0.000920
0.000924
0.000931
0.000934
0.000938
0.000945
0.000949
0.000953
0.000960
0.000963
0.000967
0.000974
0.000978
0.000981
0.000989
0.000992
0.000996
0.001003
0.001007
0.001010
0.001017
0.001021
0.001025
0.001032
0.001036
0.001039
0.001046
0.001050
0.001054
0.001061
0.001064
0.001068
0.001075
0.001079
0.001082
0.001090
0.001093
0.001097
0.001104
0.001108
0.001111
0.001118
0.001122
0.001126
0.001133
0.001137
0.001140
0.001147
0.001151
0.001155
0.001162
0.001165
0.001169
0.001176
0.001180
0.001183
0.001191
0.001194
0.001198
0.001205
0.001209
0.001212
0.001220
0.001223
0.001227
0.001234
0.001238
0.001241
0.001248
0.001252
0.001256
0.001263
0.001266
0.001270
0.001277
0.001281
0.001284
0.001292
0.001295
0.001299
0.001306
0.001310
0.001313
0.001321
0.001324
0.001328
0.001335
0.001339
0.001342
0.001349
0.001353
0.001357
0.001364
0.001367
0.001371
0.001378
0.001382
0.001385
0.001393
0.001396
0.001400
0.001407
0.001411
0.001414
0.001422
0.001425
0.001429
0.001436
0.001440
0.001443
0.000000
0.000007
0.000011
0.000014
0.000022
0.000025
0.000029
0.000036
0.000040
0.000043
0.000051
0.000054
0.000058
0.000065
0.000069
0.000072
0.000079
0.000083
0.000087
0.000094
0.000097
0.000101
0.000108
0.000112
0.000115
0.000123
0.000126
0.000130
0.000137
0.000141
0.000144
0.000152
0.000155
0.000159
0.000166
0.000170
0.000173
0.000180
0.000184
0.000188
0.000195
0.000198
0.000202
0.000209
0.000213
0.000216
0.000224
0.000227
0.000231
0.000238
0.000242
0.000245
0.000253
0.000256
0.000260
0.000267
0.000271
0.000274
0.000281
0.000285
0.000289
0.000296
0.000299
0.000303
0.000310
0.000314
0.000318
0.000325
0.000328
0.000332
0.000339
0.000343
0.000346
0.000354
0.000357
0.000361
0.000368
0.000372
0.000375
0.000382
0.000386
0.000390
0.000397
0.000400
0.000404
0.000411
0.000415
0.000419
0.000426
0.000429
0.000433
0.000440
0.000444
0.000447
0.000455
0.000458
0.000462
0.000469
0.000473
0.000476
0.000483
0.000487
0.000491
0.000498
0.000502
0.000505
0.000512
0.000516
0.000520
0.000527
0.000530
0.000534
0.000541
0.000545
0.000548
0.000556
0.000559
0.000563
0.000570
0.000574
0.000577
0.000585
0.000588
0.000592
0.000599
0.000603
0.000606
0.000613
0.000617
0.000621
0.000628
0.000631
0.000635
0.000642
0.000646
0.000649
0.000657
0.000660
0.000664
0.000671
0.000675
0.000678
0.000686
0.000689
0.000693
0.000700
0.000704
0.000707
0.000714
0.000718
0.000722
0.000729
0.000732
0.000736
0.000743
0.000747
0.000750
0.000758
0.000761
0.000765
0.000772
0.000776
0.000779
0.000787
0.000790
0.000794
0.000801
0.000805
0.000808
0.000815
0.000819
0.000823
0.000830
0.000833
0.000837
0.000844
0.000848
0.000852
0.000859
0.000862
0.000866
0.000873
0.000877
0.000880
0.000888
0.000891
0.000895
0.000902
0.000906
0.000909
0.000916
0.000920
0.000924
0.000931
0.000934
0.000938
0.000945
0.000949
0.000953
0.000960
0.000963
0.000967
0.000974
0.000978
0.000981
0.000989
0.000992
0.000996
0.001003
0.001007
0.001010
0.001017
0.001021
0.001025
0.001032
0.001036
0.001039
0.001046
0.001050
0.001054
0.001061
0.001064
0.001068
0.001075
0.001079
0.001082
0.001090
0.001093
0.001097
0.001104
0.001108
0.001111
0.001118
0.001122
0.001126
0.001133
0.001137
0.001140
0.001147
0.001151
0.001155
0.001162
0.001165
0.001169
0.001176
0.001180
0.001183
0.001191
0.001194
0.001198
0.001205
0.001209
0.001212
0.001220
0.001223
0.001227
0.001234
0.001238
0.001241
0.001248
0.001252
0.001256
0.001263
0.001266
0.001270
0.001277
0.001281
0.001284
0.001292
0.001295
0.001299
0.001306
0.001310
0.001313
0.001321
0.001324
0.001328
0.001335
0.001339
0.001342
0.001349
0.001353
0.001357
0.001364
0.001367
0.001371
0.001378
0.001382
0.001385
0.001393
0.001396
0.001400
0.001407
0.001411
0.001414
0.001422
0.001425
0.001429
0.001436
0.001440
0.001443
0.000000
0.000007
0.000011
0.000014
0.000022
0.000025
0.000029
0.000036
0.000040
0.000043
0.000051
0.000054
0.000058
0.000065
0.000069
0.000072
0.000079
0.000083
0.000087
0.000094
0.000097
0.000101
0.000108
0.000112
0.000115
0.000123
0.000126
0.000130
0.000137
0.000141
0.000144
0.000152
0.000155
0.000159
0.000166
0.000170
0.000173
0.000180
0.000184
0.000188
0.000195
0.000198
0.000202
0.000209
0.000213
0.000216
0.000224
0.000227
0.000231
0.000238
0.000242
0.000245
0.000253
0.000256
0.000260
0.000267
0.000271
0.000274
0.000281
0.000285
0.000289
0.000296
0.000299
0.000303
0.000310
0.000314
0.000318
0.000325
0.000328
0.000332
0.000339
0.000343
0.000346
0.000354
0.000357
0.000361
0.000368
0.000372
0.000375
0.000382
0.000386
0.000390
0.000397
0.000400
0.000404
0.000411
0.000415
0.000419
0.000426
0.000429
0.000433
0.000440
0.000444
0.000447
0.000455
0.000458
0.000462
0.000469
0.000473
0.000476
0.000483
0.000487
0.000491
0.000498
0.000502
0.000505
0.000512
0.000516
0.000520
0.000527
0.000530
0.000534
0.000541
0.000545
0.000548
0.000556
0.000559
0.000563
0.000570
0.000574
0.000577
0.000585
0.000588
0.000592
0.000599
0.000603
0.000606
0.000613
0.000617
0.000621
0.000628
0.000631
0.000635
0.000642
0.000646
0.000649
0.000657
0.000660
0.000664
0.000671
0.000675
0.000678
0.000686
0.000689
0.000693
0.000700
0.000704
0.000707
0.000714
0.000718
0.000722
0.000729
0.000732
0.000736
0.000743
0.000747
0.000750
0.000758
0.000761
0.000765
0.000772
0.000776
0.000779
0.000787
0.000790
0.000794
0.000801
0.000805
0.000808
0.000815
0.000819
0.000823
0.000830
0.000833
0.000837
0.000844
0.000848
0.000852
0.000859
0.000862
0.000866
0.000873
0.000877
0.000880
0.000888
0.000891
0.000895
0.000902
0.000906
0.000909
0.000916
0.000920
0.000924
0.000931
0.000934
0.000938
0.000945
0.000949
0.000953
0.000960
0.000963
0.000967
0.000974
0.000978
0.000981
0.000989
0.000992
0.000996
0.001003
0.001007
0.001010
0.001017
0.001021
0.001025
0.001032
0.001036
0.001039
0.001046
0.001050
0.001054
0.001061
0.001064
0.001068
0.001075
0.001079
0.001082
0.001090
0.001093
0.001097
0.001104
0.001108
0.001111
0.001118
0.001122
0.001126
0.001133
0.001137
0.001140
0.001147
0.001151
0.001155
0.001162
0.001165
0.001169
0.001176
0.001180
0.001183
0.001191
0.001194
0.001198
0.001205
0.001209
0.001212
0.001220
0.001223
0.001227
0.001234
0.001238
0.001241
0.001248
0.001252
0.001256
0.001263
0.001266
0.001270
0.001277
0.001281
0.001284
0.001292
0.001295
0.001299
0.001306
0.001310
0.001313
0.001321
0.001324
0.001328
0.001335
0.001339
0.001342
0.001349
0.001353
0.001357
0.001364
0.001367
0.001371
0.001378
0.001382
0.001385
0.001393
0.001396
0.001400
0.001407
0.001411
0.001414
0.001422
0.001425
0.001429
0.001436
0.001440
0.001443
0.000000
0.000007
0.000011
0.000014
0.000022
0.000025
0.000029
0.000036
0.000040
0.000043
0.000051
0.000054
0.000058
0.000065
0.000069
0.000072
0.000079
0.000083
0.000087
0.000094
0.000097
0.000101
0.000108
0.000112
0.000115
0.000123
0.000126
0.000130
0.000137
0.000141
0.000144
0.000152
0.000155
0.000159
0.000166
0.000170
0.000173
0.000180
0.000184
0.000188
0.000195
0.000198
0.000202
0.000209
0.000213
0.000216
0.000224
0.000227
0.000231
0.000238
0.000242
0.000245
0.000253
0.000256
0.000260
0.000267
0.000271
0.000274
0.000281
0.000285
0.000289
0.000296
0.000299
0.000303
0.000310
0.000314
0.000318
0.000325
0.000328
0.000332
0.000339
0.000343
0.000346
0.000354
0.000357
0.000361
0.000368
0.000372
0.000375
0.000382
0.000386
0.000390
0.000397
0.000400
0.000404
0.000411
0.000415
0.000419
0.000426
0.000429
0.000433
0.000440
0.000444
0.000447
0.000455
0.000458
0.000462
0.000469
0.000473
0.000476
0.000483
0.000487
0.000491
0.000498
0.000502
0.000505
0.000512
0.000516
0.000520
0.000527
0.000530
0.000534
0.000541
0.000545
0.000548
0.000556
0.000559
0.000563
0.000570
0.000574
0.000577
0.000585
0.000588
0.000592
0.000599
0.000603
0.000606
0.000613
0.000617
0.000621
0.000628
0.000631
0.000635
0.000642
0.000646
0.000649
0.000657
0.000660
0.000664
0.000671
0.000675
0.000678
0.000686
0.000689
0.000693
0.000700
0.000704
0.000707
0.000714
0.000718
0.000722
0.000729
0.000732
0.000736
0.000743
0.000747
0.000750
0.000758
0.000761
0.000765
0.000772
0.000776
0.000779
0.000787
0.000790
0.000794
0.000801
0.000805
0.000808
0.000815
0.000819
0.000823
0.000830
0.000833
0.000837
0.000844
0.000848
0.000852
0.000859
0.000862
0.000866
0.000873
0.000877
0.000880
0.000888
0.000891
0.000895
0.000902
0.000906
0.000909
0.000916
0.000920
0.000924
0.000931
0.000934
0.000938
0.000945
0.000949
0.000953
0.000960
0.000963
0.000967
0.000974
0.000978
0.000981
0.000989
0.000992
0.000996
0.001003
0.001007
0.001010
0.001017
0.001021
0.001025
0.001032
0.001036
0.001039
0.001046
0.001050
0.001054
0.001061
0.001064
0.001068
0.001075
0.001079
0.001082
0.001090
0.001093
0.001097
0.001104
0.001108
0.001111
0.001118
0.001122
0.001126
0.001133
0.001137
0.001140
0.001147
0.001151
0.001155
0.001162
0.001165
0.001169
0.001176
0.001180
0.001183
0.001191
0.001194
0.001198
0.001205
0.001209
0.001212
0.001220
0.001223
0.001227
0.001234
0.001238
0.001241
0.001248
0.001252
0.001256
0.001263
0.001266
0.001270
0.001277
0.001281
0.001284
0.001292
0.001295
0.001299
0.001306
0.001310
0.001313
0.001321
0.001324
0.001328
0.001335
0.001339
0.001342
0.001349
0.001353
0.001357
0.001364
0.001367
0.001371
0.001378
0.001382
0.001385
0.001393
0.001396
0.001400
0.001407
0.001411
0.001414
0.001422
0.001425
0.001429
0.001436
0.001440
0.001443
0.000000
0.000007
0.000011
0.000014
0.000022
0.000025
0.000029
0.000036
0.000040
0.000043
0.000051
0.000054
0.000058
0.000065
0.000069
0.000072
0.000079
0.000083
0.000087
0.000094
0.000097
0.000101
0.000108
0.000112
0.000115
0.000123
0.000126
0.000130
0.000137
0.000141
0.000144
0.000152
0.000155
0.000159
0.000166
0.000170
0.000173
0.000180
0.000184
0.000188
0.000195
0.000198
0.000202
0.000209
0.000213
0.000216
0.000224
0.000227
0.000231
0.000238
0.000242
0.000245
0.000253
0.000256
0.000260
0.000267
0.000271
0.000274
0.000281
0.000285
0.000289
0.000296
0.000299
0.000303
0.000310
0.000314
0.000318
0.000325
0.000328
0.000332
0.000339
0.000343
0.000346
0.000354
0.000357
0.000361
0.000368
0.000372
0.000375
0.000382
0.000386
0.000390
0.000397
0.000400
0.000404
0.000411
0.000415
0.000419
0.000426
0.000429
0.000433
0.000440
0.000444
0.000447
0.000455
0.000458
0.000462
0.000469
0.000473
0.000476
0.000483
0.000487
0.000491
0.000498
0.000502
0.000505
0.000512
0.000516
0.000520
0.000527
0.000530
0.000534
0.000541
0.000545
0.000548
0.000556
0.000559
0.000563
0.000570
0.000574
0.000577
0.000585
0.000588
0.000592
0.000599
0.000603
0.000606
0.000613
0.000617
0.000621
0.000628
0.000631
0.000635
0.000642
0.000646
0.000649
0.000657
0.000660
0.000664
0.000671
0.000675
0.000678
0.000686
0.000689
0.000693
0.000700
0.000704
0.000707
0.000714
0.000718
0.000722
0.000729
0.000732
0.000736
0.000743
0.000747
0.000750
0.000758
0.000761
0.000765
0.000772
0.000776
0.000779
0.000787
0.000790
0.000794
0.000801
0.000805
0.000808
0.000815
0.000819
0.000823
0.000830
0.000833
0.000837
0.000844
0.000848
0.000852
0.000859
0.000862
0.000866
0.000873
0.000877
0.000880
0.000888
0.000891
0.000895
0.000902
0.000906
0.000909
0.000916
0.000920
0.000924
0.000931
0.000934
0.000938
0.000945
0.000949
0.000953
0.000960
0.000963
0.000967
0.000974
0.000978
0.000981
0.000989
0.000992
0.000996
0.001003
0.001007
0.001010
0.001017
0.001021
0.001025
0.001032
0.001036
0.001039
0.001046
0.001050
0.001054
0.001061
0.001064
0.001068
0.001075
0.001079
0.001082
0.001090
0.001093
0.001097
0.001104
0.001108
0.001111
0.001118
0.001122
0.001126
0.001133
0.001137
0.001140
0.001147
0.001151
0.001155
0.001162
0.001165
0.001169
0.001176
0.001180
0.001183
0.001191
0.001194
0.001198
0.001205
0.001209
0.001212
0.001220
0.001223
0.001227
0.001234
0.001238
0.001241
0.001248
0.001252
0.001256
0.001263
0.001266
0.001270
0.001277
0.001281
0.001284
0.001292
0.001295
0.001299
0.001306
0.001310
0.001313
0.001321
0.001324
0.001328
0.001335
0.001339
0.001342
0.001349
0.001353
0.001357
0.001364
0.001367
0.001371
0.001378
0.001382
0.001385
0.001393
0.001396
0.001400
0.001407
0.001411
0.001414
0.001422
0.001425
0.001429
0.001436
0.001440
0.001443
0.000000
0.000007
0.000011
0.000014
0.000022
0.000025
0.000029
0.000036
0.000040
0.000043
0.000051
0.000054
0.000058
0.000065
0.000069
0.000072
0.000079
0.000083
0.000087
0.000094
0.000097
0.000101
0.000108
0.000112
0.000115
0.000123
0.000126
0.000130
0.000137
0.000141
0.000144
0.000152
0.000155
0.000159
0.000166
0.000170
0.000173
0.000180
0.000184
0.000188
0.000195
0.000198
0.000202
0.000209
0.000213
0.000216
0.000224
0.000227
0.000231
0.000238
0.000242
0.000245
0.000253
0.000256
0.000260
0.000267
0.000271
0.000274
0.000281
0.000285
0.000289
0.000296
0.000299
0.000303
0.000310
0.000314
0.000318
0.000325
0.000328
0.000332
0.000339
0.000343
0.000346
0.000354
0.000357
0.000361
0.000368
0.000372
0.000375
0.000382
0.000386
0.000390
0.000397
0.000400
0.000404
0.000411
0.000415
0.000419
0.000426
0.000429
0.000433
0.000440
0.000444
0.000447
0.000455
0.000458
0.000462
0.000469
0.000473
0.000476
0.000483
0.000487
0.000491
0.000498
0.000502
0.000505
0.000512
0.000516
0.000520
0.000527
0.000530
0.000534
0.000541
0.000545
0.000548
0.000556
0.000559
0.000563
0.000570
0.000574
0.000577
0.000585
0.000588
0.000592
0.000599
0.000603
0.000606
0.000613
0.000617
0.000621
0.000628
0.000631
0.000635
0.000642
0.000646
0.000649
0.000657
0.000660
0.000664
0.000671
0.000675
0.000678
0.000686
0.000689
0.000693
0.000700
0.000704
0.000707
0.000714
0.000718
0.000722
0.000729
0.000732
0.000736
0.000743
0.000747
0.000750
0.000758
0.000761
0.000765
0.000772
0.000776
0.000779
0.000787
0.000790
0.000794
0.000801
0.000805
0.000808
0.000815
0.000819
0.000823
0.000830
0.000833
0.000837
0.000844
0.000848
0.000852
0.000859
0.000862
0.000866
0.000873
0.000877
0.000880
0.000888
0.000891
0.000895
0.000902
0.000906
0.000909
0.000916
0.000920
0.000924
0.000931
0.000934
0.000938
0.000945
0.000949
0.000953
0.000960
0.000963
0.000967
0.000974
0.000978
0.000981
0.000989
0.000992
0.000996
0.001003
0.001007
0.001010
0.001017
0.001021
0.001025
0.001032
0.001036
0.001039
0.001046
0.001050
0.001054
0.001061
0.001064
0.001068
0.001075
0.001079
0.001082
0.001090
0.001093
0.001097
0.001104
0.001108
0.001111
0.001118
0.001122
0.001126
0.001133
0.001137
0.001140
0.001147
0.001151
0.001155
0.001162
0.001165
0.001169
0.001176
0.001180
0.001183
0.001191
0.001194
0.001198
0.001205
0.001209
0.001212
0.001220
0.001223
0.001227
0.001234
0.001238
0.001241
0.001248
0.001252
0.001256
0.001263
0.001266
0.001270
0.001277
0.001281
0.001284
0.001292
0.001295
0.001299
0.001306
0.001310
0.001313
0.001321
0.001324
0.001328
0.001335
0.001339
0.001342
0.001349
0.001353
0.001357
0.001364
0.001367
0.001371
0.001378
0.001382
0.001385
0.001393
0.001396
0.001400
0.001407
0.001411
0.001414
0.001422
0.001425
0.001429
0.001436
0.001440
0.001443
0.000000
0.000007
0.000011
0.000014
0.000022
0.000025
0.000029
0.000036
0.000040
0.000043
0.000051
0.000054
0.000058
0.000065
0.000069
0.000072
0.000079
0.000083
0.000087
0.000094
0.000097
0.000101
0.000108
0.000112
0.000115
0.000123
0.000126
0.000130
0.000137
0.000141
0.000144
0.000152
0.000155
0.000159
0.000166
0.000170
0.000173
0.000180
0.000184
0.000188
0.000195
0.000198
0.000202
0.000209
0.000213
0.000216
0.000224
0.000227
0.000231
0.000238
0.000242
0.000245
0.000253
0.000256
0.000260
0.000267
0.000271
0.000274
0.000281
0.000285
0.000289
0.000296
0.000299
0.000303
0.000310
0.000314
0.000318
0.000325
0.000328
0.000332
0.000339
0.000343
0.000346
0.000354
0.000357
0.000361
0.000368
0.000372
0.000375
0.000382
0.000386
0.000390
0.000397
0.000400
0.000404
0.000411
0.000415
0.000419
0.000426
0.000429
0.000433
0.000440
0.000444
0.000447
0.000455
0.000458
0.000462
0.000469
0.000473
0.000476
0.000483
0.000487
0.000491
0.000498
0.000502
0.000505
0.000512
0.000516
0.000520
0.000527
0.000530
0.000534
0.000541
0.000545
0.000548
0.000556
0.000559
0.000563
0.000570
0.000574
0.000577
0.000585
0.000588
0.000592
0.000599
0.000603
0.000606
0.000613
0.000617
0.000621
0.000628
0.000631
0.000635
0.000642
0.000646
0.000649
0.000657
0.000660
0.000664
0.000671
0.000675
0.000678
0.000686
0.000689
0.000693
0.000700
0.000704
0.000707
0.000714
0.000718
0.000722
0.000729
0.000732
0.000736
0.000743
0.000747
0.000750
0.000758
0.000761
0.000765
0.000772
0.000776
0.000779
0.000787
0.000790
0.000794
0.000801
0.000805
0.000808
0.000815
0.000819
0.000823
0.000830
0.000833
0.000837
0.000844
0.000848
0.000852
0.000859
0.000862
0.000866
0.000873
0.000877
0.000880
0.000888
0.000891
0.000895
0.000902
0.000906
0.000909
0.000916
0.000920
0.000924
0.000931
0.000934
0.000938
0.000945
0.000949
0.000953
0.000960
0.000963
0.000967
0.000974
0.000978
0.000981
0.000989
0.000992
0.000996
0.001003
0.001007
0.001010
0.001017
0.001021
0.001025
0.001032
0.001036
0.001039
0.001046
0.001050
0.001054
0.001061
0.001064
0.001068
0.001075
0.001079
0.001082
0.001090
0.001093
0.001097
0.001104
0.001108
0.001111
0.001118
0.001122
0.001126
0.001133
0.001137
0.001140
0.001147
0.001151
0.001155
0.001162
0.001165
0.001169
0.001176
0.001180
0.001183
0.001191
0.001194
0.001198
0.001205
0.001209
0.001212
0.001220
0.001223
0.001227
0.001234
0.001238
0.001241
0.001248
0.001252
0.001256
0.001263
0.001266
0.001270
0.001277
0.001281
0.001284
0.001292
0.001295
0.001299
0.001306
0.001310
0.001313
0.001321
0.001324
0.001328
0.001335
0.001339
0.001342
0.001349
0.001353
0.001357
0.001364
0.001367
0.001371
0.001378
0.001382
0.001385
0.001393
0.001396
0.001400
0.001407
0.001411
0.001414
0.001422
0.001425
0.001429
0.001436
0.001440
0.001443
0.000000
0.000000
0.000007
0.000011
0.000014
0.000022
0.000025
0.000029
0.000036
0.000040
0.000043
0.000051
0.000054
0.000058
0.000065
0.000069
0.000072
0.000079
0.000083
0.000087
0.000094
0.000097
0.000101
0.000108
0.000112
0.000115
0.000123
0.000126
0.000130
0.000137
0.000141
0.000144
0.000152
0.000155
0.000159
0.000166
0.000170
0.000173
0.000180
0.000184
0.000188
0.000195
0.000198
0.000202
0.000209
0.000213
0.000216
0.000224
0.000227
0.000231
0.000238
0.000242
0.000245
0.000253
0.000256
0.000260
0.000267
0.000271
0.000274
0.000281
0.000285
0.000289
0.000296
0.000299
0.000303
0.000310
0.000314
0.000318
0.000325
0.000328
0.000332
0.000339
0.000343
0.000346
0.000354
0.000357
0.000361
0.000368
0.000372
0.000375
0.000382
0.000386
0.000390
0.000397
0.000400
0.000404
0.000411
0.000415
0.000419
0.000426
0.000429
0.000433
0.000440
0.000444
0.000447
0.000455
0.000458
0.000462
0.000469
0.000473
0.000476
0.000483
0.000487
0.000491
0.000498
0.000502
0.000505
0.000512
0.000516
0.000520
0.000527
0.000530
0.000534
0.000541
0.000545
0.000548
0.000556
0.000559
0.000563
0.000570
0.000574
0.000577
0.000585
0.000588
0.000592
0.000599
0.000603
0.000606
0.000613
0.000617
0.000621
0.000628
0.000631
0.000635
0.000642
0.000646
0.000649
0.000657
0.000660
0.000664
0.000671
0.000675
0.000678
0.000686
0.000689
0.000693
0.000700
0.000704
0.000707
0.000714
0.000718
0.000722
0.000729
0.000732
0.000736
0.000743
0.000747
0.000750
0.000758
0.000761
0.000765
0.000772
0.000776
0.000779
0.000787
0.000790
0.000794
0.000801
0.000805
0.000808
0.000815
0.000819
0.000823
0.000830
0.000833
0.000837
0.000844
0.000848
0.000852
0.000859
0.000862
0.000866
0.000873
0.000877
0.000880
0.000888
0.000891
0.000895
0.000902
0.000906
0.000909
0.000916
0.000920
0.000924
0.000931
0.000934
0.000938
0.000945
0.000949
0.000953
0.000960
0.000963
0.000967
0.000974
0.000978
0.000981
0.000989
0.000992
0.000996
0.001003
0.001007
0.001010
0.001017
0.001021
0.001025
0.001032
0.001036
0.001039
0.001046
0.001050
0.001054
0.001061
0.001064
0.001068
0.001075
0.001079
0.001082
0.001090
0.001093
0.001097
0.001104
0.001108
0.001111
0.001118
0.001122
0.001126
0.001133
0.001137
0.001140
0.001147
0.001151
0.001155
0.001162
0.001165
0.001169
0.001176
0.001180
0.001183
0.001191
0.001194
0.001198
0.001205
0.001209
0.001212
0.001220
0.001223
0.001227
0.001234
0.001238
0.001241
0.001248
0.001252
0.001256
0.001263
0.001266
0.001270
0.001277
0.001281
0.001284
0.001292
0.001295
0.001299
0.001306
0.001310
0.001313
0.001321
0.001324
0.001328
0.001335
0.001339
0.001342
0.001349
0.001353
0.001357
0.001364
0.001367
0.001371
0.001378
0.001382
0.001385
0.001393
0.001396
0.001400
0.001407
0.001411
0.001414
0.001422
0.001425
0.001429
0.001436
0.001440
0.001443
0.000000
0.000007
0.000011
0.000014
0.000022
0.000025
0.000029
0.000036
0.000040
0.000043
0.000051
0.000054
0.000058
0.000065
0.000069
0.000072
0.000079
0.000083
0.000087
0.000094
0.000097
0.000101
0.000108
0.000112
0.000115
0.000123
0.000126
0.000130
0.000137
0.000141
0.000144
0.000152
0.000155
0.000159
0.000166
0.000170
0.000173
0.000180
0.000184
0.000188
0.000195
0.000198
0.000202
0.000209
0.000213
0.000216
0.000224
0.000227
0.000231
0.000238
0.000242
0.000245
0.000253
0.000256
0.000260
0.000267
0.000271
0.000274
0.000281
0.000285
0.000289
0.000296
0.000299
0.000303
0.000310
0.000314
0.000318
0.000325
0.000328
0.000332
0.000339
0.000343
0.000346
0.000354
0.000357
0.000361
0.000368
0.000372
0.000375
0.000382
0.000386
0.000390
0.000397
0.000400
0.000404
0.000411
0.000415
0.000419
0.000426
0.000429
0.000433
0.000440
0.000444
0.000447
0.000455
0.000458
0.000462
0.000469
0.000473
0.000476
0.000483
0.000487
0.000491
0.000498
0.000502
0.000505
0.000512
0.000516
0.000520
0.000527
0.000530
0.000534
0.000541
0.000545
0.000548
0.000556
0.000559
0.000563
0.000570
0.000574
0.000577
0.000585
0.000588
0.000592
0.000599
0.000603
0.000606
0.000613
0.000617
0.000621
0.000628
0.000631
0.000635
0.000642
0.000646
0.000649
0.000657
0.000660
0.000664
0.000671
0.000675
0.000678
0.000686
0.000689
0.000693
0.000700
0.000704
0.000707
0.000714
0.000718
0.000722
0.000729
0.000732
0.000736
0.000743
0.000747
0.000750
0.000758
0.000761
0.000765
0.000772
0.000776
0.000779
0.000787
0.000790
0.000794
0.000801
0.000805
0.000808
0.000815
0.000819
0.000823
0.000830
0.000833
0.000837
0.000844
0.000848
0.000852
0.000859
0.000862
0.000866
0.000873
0.000877
0.000880
0.000888
0.000891
0.000895
0.000902
0.000906
0.000909
0.000916
0.000920
0.000924
0.000931
0.000934
0.000938
0.000945
0.000949
0.000953
0.000960
0.000963
0.000967
0.000974
0.000978
0.000981
0.000989
0.000992
0.000996
0.001003
0.001007
0.001010
0.001017
0.001021
0.001025
0.001032
0.001036
0.001039
0.001046
0.001050
0.001054
0.001061
0.001064
0.001068
0.001075
0.001079
0.001082
0.001090
0.001093
0.001097
0.001104
0.001108
0.001111
0.001118
0.001122
0.001126
0.001133
0.001137
0.001140
0.001147
0.001151
0.001155
0.001162
0.001165
0.001169
0.001176
0.001180
0.001183
0.001191
0.001194
0.001198
0.001205
0.001209
0.001212
0.001220
0.001223
0.001227
0.001234
0.001238
0.001241
0.001248
0.001252
0.001256
0.001263
0.001266
0.001270
0.001277
0.001281
0.001284
0.001292
0.001295
0.001299
0.001306
0.001310
0.001313
0.001321
0.001324
0.001328
0.001335
0.001339
0.001342
0.001349
0.001353
0.001357
0.001364
0.001367
0.001371
0.001378
0.001382
0.001385
0.001393
0.001396
0.001400
0.001407
0.001411
0.001414
0.001422
0.001425
0.001429
0.001436
0.001440
0.001443
