0.017092
0.017092
0.017092
0.017092
0.017092
0.017092
0.017092
0.017093
0.017093
0.017093
0.017094
0.017095
0.017096
0.017098
0.017098
0.017101
0.017102
0.017104
0.017106
0.017108
0.017110
0.017114
0.017116
0.017118
0.017122
0.017125
0.017127
0.017132
0.017135
0.017138
0.017144
0.017147
0.017150
0.017157
0.017161
0.017164
0.017171
0.017176
0.017179
0.017187
0.017192
0.017196
0.017205
0.017209
0.017214
0.017223
0.017229
0.017233
0.017244
0.017249
0.017254
0.017265
0.017271
0.017277
0.017288
0.017295
0.017301
0.017313
0.017319
0.017326
0.017339
0.017346
0.017353
0.017366
0.017374
0.017381
0.017395
0.017403
0.017410
0.017425
0.017434
0.017441
0.017457
0.017466
0.017474
0.017490
0.017499
0.017508
0.017525
0.017534
0.017543
0.017561
0.017571
0.017580
0.017599
0.017608
0.017618
0.017638
0.017648
0.017658
0.017678
0.017689
0.017699
0.017720
0.017731
0.017741
0.017763
0.017774
0.017785
0.017808
0.017820
0.017831
0.017854
0.017866
0.017878
0.017902
0.017914
0.017926
0.017951
0.017964
0.017976
0.018001
0.018014
0.018027
0.018053
0.018067
0.018080
0.018107
0.018120
0.018134
0.018161
0.018176
0.018190
0.018218
0.018232
0.018247
0.018275
0.018290
0.018305
0.018335
0.018350
0.018365
0.018395
0.018411
0.018426
0.018457
0.018473
0.018489
0.018521
0.018537
0.018553
0.018586
0.018603
0.018619
0.018652
0.018669
0.018686
0.018720
0.018737
0.018755
0.018789
0.018807
0.018825
0.018860
0.018878
0.018896
0.018932
0.018951
0.018969
0.019006
0.019025
0.019043
0.019081
0.019100
0.019119
0.019157
0.019177
0.019196
0.019235
0.019255
0.019275
0.019315
0.019335
0.019355
0.019395
0.019416
0.019437
0.019478
0.019499
0.019520
0.019561
0.019583
0.019604
0.019647
0.019668
0.019690
0.019733
0.019755
0.019777
0.019821
0.019844
0.019866
0.019911
0.019934
0.019956
0.020002
0.020025
0.020048
0.020094
0.020118
0.020141
0.020188
0.020212
0.020235
0.020283
0.020307
0.020331
0.020380
0.020404
0.020429
0.020478
0.020503
0.020528
0.020577
0.020603
0.020628
0.020678
0.020704
0.020730
0.020781
0.020807
0.020833
0.020885
0.020911
0.020937
0.020990
0.021017
0.021044
0.021097
0.021124
0.021151
0.021205
0.021233
0.021260
0.021315
0.021343
0.021370
0.021426
0.021454
0.021482
0.021539
0.021567
0.021596
0.021653
0.021682
0.021710
0.021768
0.021797
0.021826
0.021885
0.021915
0.021944
0.022003
0.022033
0.022063
0.022123
0.022154
0.022184
0.022244
0.022275
0.022306
0.022367
0.022398
0.022429
0.022491
0.022523
0.022554
0.022617
0.022649
0.022680
0.022744
0.022776
0.022808
0.022872
0.022905
0.022937
0.023002
0.023035
0.023068
0.023133
0.023167
0.023200
0.023266
0.023300
0.023333
0.023400
0.023434
0.023468
0.023536
0.023570
0.023605
0.023673
0.023708
0.023742
0.023812
0.023847
0.023882
0.023952
0.023987
0.024022
0.024093
0.024129
0.024165
0.024236
0.024272
0.024308
0.017092
0.017092
0.017093
0.017093
0.017093
0.017094
0.017095
0.017096
0.017098
0.017098
0.017101
0.017102
0.017104
0.017106
0.017108
0.017110
0.017114
0.017116
0.017118
0.017122
0.017125
0.017127
0.017132
0.017135
0.017138
0.017144
0.017147
0.017150
0.017157
0.017161
0.017164
0.017171
0.017176
0.017179
0.017187
0.017192
0.017196
0.017205
0.017209
0.017214
0.017223
0.017229
0.017233
0.017244
0.017249
0.017254
0.017265
0.017271
0.017277
0.017288
0.017295
0.017301
0.017313
0.017319
0.017326
0.017339
0.017346
0.017353
0.017366
0.017374
0.017381
0.017395
0.017403
0.017410
0.017425
0.017434
0.017441
0.017457
0.017466
0.017474
0.017490
0.017499
0.017508
0.017525
0.017534
0.017543
0.017561
0.017571
0.017580
0.017599
0.017608
0.017618
0.017638
0.017648
0.017658
0.017678
0.017689
0.017699
0.017720
0.017731
0.017741
0.017763
0.017774
0.017785
0.017808
0.017820
0.017831
0.017854
0.017866
0.017878
0.017902
0.017914
0.017926
0.017951
0.017964
0.017976
0.018001
0.018014
0.018027
0.018053
0.018067
0.018080
0.018107
0.018120
0.018134
0.018161
0.018176
0.018190
0.018218
0.018232
0.018247
0.018275
0.018290
0.018305
0.018335
0.018350
0.018365
0.018395
0.018411
0.018426
0.018457
0.018473
0.018489
0.018521
0.018537
0.018553
0.018586
0.018603
0.018619
0.018652
0.018669
0.018686
0.018720
0.018737
0.018755
0.018789
0.018807
0.018825
0.018860
0.018878
0.018896
0.018932
0.018951
0.018969
0.019006
0.019025
0.019043
0.019081
0.019100
0.019119
0.019157
0.019177
0.019196
0.019235
0.019255
0.019275
0.019315
0.019335
0.019355
0.019395
0.019416
0.019437
0.019478
0.019499
0.019520
0.019561
0.019583
0.019604
0.019647
0.019668
0.019690
0.019733
0.019755
0.019777
0.019821
0.019844
0.019866
0.019911
0.019934
0.019956
0.020002
0.020025
0.020048
0.020094
0.020118
0.020141
0.020188
0.020212
0.020235
0.020283
0.020307
0.020331
0.020380
0.020404
0.020429
0.020478
0.020503
0.020528
0.020577
0.020603
0.020628
0.020678
0.020704
0.020730
0.020781
0.020807
0.020833
0.020885
0.020911
0.020937
0.020990
0.021017
0.021044
0.021097
0.021124
0.021151
0.021205
0.021233
0.021260
0.021315
0.021343
0.021370
0.021426
0.021454
0.021482
0.021539
0.021567
0.021596
0.021653
0.021682
0.021710
0.021768
0.021797
0.021826
0.021885
0.021915
0.021944
0.022003
0.022033
0.022063
0.022123
0.022154
0.022184
0.022244
0.022275
0.022306
0.022367
0.022398
0.022429
0.022491
0.022523
0.022554
0.022617
0.022649
0.022680
0.022744
0.022776
0.022808
0.022872
0.022905
0.022937
0.023002
0.023035
0.023068
0.023133
0.023167
0.023200
0.023266
0.023300
0.023333
0.023400
0.023434
0.023468
0.023536
0.023570
0.023605
0.023673
0.023708
0.023742
0.023812
0.023847
0.023882
0.023952
0.023987
0.024022
0.024093
0.024129
0.024165
0.024236
0.024272
0.024308
0.017092
0.017092
0.017093
0.017093
0.017093
0.017094
0.017095
0.017096
0.017098
0.017098
0.017101
0.017102
0.017104
0.017106
0.017108
0.017110
0.017114
0.017116
0.017118
0.017122
0.017125
0.017127
0.017132
0.017135
0.017138
0.017144
0.017147
0.017150
0.017157
0.017161
0.017164
0.017171
0.017176
0.017179
0.017187
0.017192
0.017196
0.017205
0.017209
0.017214
0.017223
0.017229
0.017233
0.017244
0.017249
0.017254
0.017265
0.017271
0.017277
0.017288
0.017295
0.017301
0.017313
0.017319
0.017326
0.017339
0.017346
0.017353
0.017366
0.017374
0.017381
0.017395
0.017403
0.017410
0.017425
0.017434
0.017441
0.017457
0.017466
0.017474
0.017490
0.017499
0.017508
0.017525
0.017534
0.017543
0.017561
0.017571
0.017580
0.017599
0.017608
0.017618
0.017638
0.017648
0.017658
0.017678
0.017689
0.017699
0.017720
0.017731
0.017741
0.017763
0.017774
0.017785
0.017808
0.017820
0.017831
0.017854
0.017866
0.017878
0.017902
0.017914
0.017926
0.017951
0.017964
0.017976
0.018001
0.018014
0.018027
0.018053
0.018067
0.018080
0.018107
0.018120
0.018134
0.018161
0.018176
0.018190
0.018218
0.018232
0.018247
0.018275
0.018290
0.018305
0.018335
0.018350
0.018365
0.018395
0.018411
0.018426
0.018457
0.018473
0.018489
0.018521
0.018537
0.018553
0.018586
0.018603
0.018619
0.018652
0.018669
0.018686
0.018720
0.018737
0.018755
0.018789
0.018807
0.018825
0.018860
0.018878
0.018896
0.018932
0.018951
0.018969
0.019006
0.019025
0.019043
0.019081
0.019100
0.019119
0.019157
0.019177
0.019196
0.019235
0.019255
0.019275
0.019315
0.019335
0.019355
0.019395
0.019416
0.019437
0.019478
0.019499
0.019520
0.019561
0.019583
0.019604
0.019647
0.019668
0.019690
0.019733
0.019755
0.019777
0.019821
0.019844
0.019866
0.019911
0.019934
0.019956
0.020002
0.020025
0.020048
0.020094
0.020118
0.020141
0.020188
0.020212
0.020235
0.020283
0.020307
0.020331
0.020380
0.020404
0.020429
0.020478
0.020503
0.020528
0.020577
0.020603
0.020628
0.020678
0.020704
0.020730
0.020781
0.020807
0.020833
0.020885
0.020911
0.020937
0.020990
0.021017
0.021044
0.021097
0.021124
0.021151
0.021205
0.021233
0.021260
0.021315
0.021343
0.021370
0.021426
0.021454
0.021482
0.021539
0.021567
0.021596
0.021653
0.021682
0.021710
0.021768
0.021797
0.021826
0.021885
0.021915
0.021944
0.022003
0.022033
0.022063
0.022123
0.022154
0.022184
0.022244
0.022275
0.022306
0.022367
0.022398
0.022429
0.022491
0.022523
0.022554
0.022617
0.022649
0.022680
0.022744
0.022776
0.022808
0.022872
0.022905
0.022937
0.023002
0.023035
0.023068
0.023133
0.023167
0.023200
0.023266
0.023300
0.023333
0.023400
0.023434
0.023468
0.023536
0.023570
0.023605
0.023673
0.023708
0.023742
0.023812
0.023847
0.023882
0.023952
0.023987
0.024022
0.024093
0.024129
0.024165
0.024236
0.024272
0.024308
0.017092
0.017092
0.017093
0.017093
0.017093
0.017094
0.017095
0.017096
0.017098
0.017098
0.017101
0.017102
0.017104
0.017106
0.017108
0.017110
0.017114
0.017116
0.017118
0.017122
0.017125
0.017127
0.017132
0.017135
0.017138
0.017144
0.017147
0.017150
0.017157
0.017161
0.017164
0.017171
0.017176
0.017179
0.017187
0.017192
0.017196
0.017205
0.017209
0.017214
0.017223
0.017229
0.017233
0.017244
0.017249
0.017254
0.017265
0.017271
0.017277
0.017288
0.017295
0.017301
0.017313
0.017319
0.017326
0.017339
0.017346
0.017353
0.017366
0.017374
0.017381
0.017395
0.017403
0.017410
0.017425
0.017434
0.017441
0.017457
0.017466
0.017474
0.017490
0.017499
0.017508
0.017525
0.017534
0.017543
0.017561
0.017571
0.017580
0.017599
0.017608
0.017618
0.017638
0.017648
0.017658
0.017678
0.017689
0.017699
0.017720
0.017731
0.017741
0.017763
0.017774
0.017785
0.017808
0.017820
0.017831
0.017854
0.017866
0.017878
0.017902
0.017914
0.017926
0.017951
0.017964
0.017976
0.018001
0.018014
0.018027
0.018053
0.018067
0.018080
0.018107
0.018120
0.018134
0.018161
0.018176
0.018190
0.018218
0.018232
0.018247
0.018275
0.018290
0.018305
0.018335
0.018350
0.018365
0.018395
0.018411
0.018426
0.018457
0.018473
0.018489
0.018521
0.018537
0.018553
0.018586
0.018603
0.018619
0.018652
0.018669
0.018686
0.018720
0.018737
0.018755
0.018789
0.018807
0.018825
0.018860
0.018878
0.018896
0.018932
0.018951
0.018969
0.019006
0.019025
0.019043
0.019081
0.019100
0.019119
0.019157
0.019177
0.019196
0.019235
0.019255
0.019275
0.019315
0.019335
0.019355
0.019395
0.019416
0.019437
0.019478
0.019499
0.019520
0.019561
0.019583
0.019604
0.019647
0.019668
0.019690
0.019733
0.019755
0.019777
0.019821
0.019844
0.019866
0.019911
0.019934
0.019956
0.020002
0.020025
0.020048
0.020094
0.020118
0.020141
0.020188
0.020212
0.020235
0.020283
0.020307
0.020331
0.020380
0.020404
0.020429
0.020478
0.020503
0.020528
0.020577
0.020603
0.020628
0.020678
0.020704
0.020730
0.020781
0.020807
0.020833
0.020885
0.020911
0.020937
0.020990
0.021017
0.021044
0.021097
0.021124
0.021151
0.021205
0.021233
0.021260
0.021315
0.021343
0.021370
0.021426
0.021454
0.021482
0.021539
0.021567
0.021596
0.021653
0.021682
0.021710
0.021768
0.021797
0.021826
0.021885
0.021915
0.021944
0.022003
0.022033
0.022063
0.022123
0.022154
0.022184
0.022244
0.022275
0.022306
0.022367
0.022398
0.022429
0.022491
0.022523
0.022554
0.022617
0.022649
0.022680
0.022744
0.022776
0.022808
0.022872
0.022905
0.022937
0.023002
0.023035
0.023068
0.023133
0.023167
0.023200
0.023266
0.023300
0.023333
0.023400
0.023434
0.023468
0.023536
0.023570
0.023605
0.023673
0.023708
0.023742
0.023812
0.023847
0.023882
0.023952
0.023987
0.024022
0.024093
0.024129
0.024165
0.024236
0.024272
0.024308
0.017092
0.017092
0.017093
0.017093
0.017093
0.017094
0.017095
0.017096
0.017098
0.017098
0.017101
0.017102
0.017104
0.017106
0.017108
0.017110
0.017114
0.017116
0.017118
0.017122
0.017125
0.017127
0.017132
0.017135
0.017138
0.017144
0.017147
0.017150
0.017157
0.017161
0.017164
0.017171
0.017176
0.017179
0.017187
0.017192
0.017196
0.017205
0.017209
0.017214
0.017223
0.017229
0.017233
0.017244
0.017249
0.017254
0.017265
0.017271
0.017277
0.017288
0.017295
0.017301
0.017313
0.017319
0.017326
0.017339
0.017346
0.017353
0.017366
0.017374
0.017381
0.017395
0.017403
0.017410
0.017425
0.017434
0.017441
0.017457
0.017466
0.017474
0.017490
0.017499
0.017508
0.017525
0.017534
0.017543
0.017561
0.017571
0.017580
0.017599
0.017608
0.017618
0.017638
0.017648
0.017658
0.017678
0.017689
0.017699
0.017720
0.017731
0.017741
0.017763
0.017774
0.017785
0.017808
0.017820
0.017831
0.017854
0.017866
0.017878
0.017902
0.017914
0.017926
0.017951
0.017964
0.017976
0.018001
0.018014
0.018027
0.018053
0.018067
0.018080
0.018107
0.018120
0.018134
0.018161
0.018176
0.018190
0.018218
0.018232
0.018247
0.018275
0.018290
0.018305
0.018335
0.018350
0.018365
0.018395
0.018411
0.018426
0.018457
0.018473
0.018489
0.018521
0.018537
0.018553
0.018586
0.018603
0.018619
0.018652
0.018669
0.018686
0.018720
0.018737
0.018755
0.018789
0.018807
0.018825
0.018860
0.018878
0.018896
0.018932
0.018951
0.018969
0.019006
0.019025
0.019043
0.019081
0.019100
0.019119
0.019157
0.019177
0.019196
0.019235
0.019255
0.019275
0.019315
0.019335
0.019355
0.019395
0.019416
0.019437
0.019478
0.019499
0.019520
0.019561
0.019583
0.019604
0.019647
0.019668
0.019690
0.019733
0.019755
0.019777
0.019821
0.019844
0.019866
0.019911
0.019934
0.019956
0.020002
0.020025
0.020048
0.020094
0.020118
0.020141
0.020188
0.020212
0.020235
0.020283
0.020307
0.020331
0.020380
0.020404
0.020429
0.020478
0.020503
0.020528
0.020577
0.020603
0.020628
0.020678
0.020704
0.020730
0.020781
0.020807
0.020833
0.020885
0.020911
0.020937
0.020990
0.021017
0.021044
0.021097
0.021124
0.021151
0.021205
0.021233
0.021260
0.021315
0.021343
0.021370
0.021426
0.021454
0.021482
0.021539
0.021567
0.021596
0.021653
0.021682
0.021710
0.021768
0.021797
0.021826
0.021885
0.021915
0.021944
0.022003
0.022033
0.022063
0.022123
0.022154
0.022184
0.022244
0.022275
0.022306
0.022367
0.022398
0.022429
0.022491
0.022523
0.022554
0.022617
0.022649
0.022680
0.022744
0.022776
0.022808
0.022872
0.022905
0.022937
0.023002
0.023035
0.023068
0.023133
0.023167
0.023200
0.023266
0.023300
0.023333
0.023400
0.023434
0.023468
0.023536
0.023570
0.023605
0.023673
0.023708
0.023742
0.023812
0.023847
0.023882
0.023952
0.023987
0.024022
0.024093
0.024129
0.024165
0.024236
0.024272
0.024308
0.017092
0.017092
0.017093
0.017093
0.017093
0.017094
0.017095
0.017096
0.017098
0.017098
0.017101
0.017102
0.017104
0.017106
0.017108
0.017110
0.017114
0.017116
0.017118
0.017122
0.017125
0.017127
0.017132
0.017135
0.017138
0.017144
0.017147
0.017150
0.017157
0.017161
0.017164
0.017171
0.017176
0.017179
0.017187
0.017192
0.017196
0.017205
0.017209
0.017214
0.017223
0.017229
0.017233
0.017244
0.017249
0.017254
0.017265
0.017271
0.017277
0.017288
0.017295
0.017301
0.017313
0.017319
0.017326
0.017339
0.017346
0.017353
0.017366
0.017374
0.017381
0.017395
0.017403
0.017410
0.017425
0.017434
0.017441
0.017457
0.017466
0.017474
0.017490
0.017499
0.017508
0.017525
0.017534
0.017543
0.017561
0.017571
0.017580
0.017599
0.017608
0.017618
0.017638
0.017648
0.017658
0.017678
0.017689
0.017699
0.017720
0.017731
0.017741
0.017763
0.017774
0.017785
0.017808
0.017820
0.017831
0.017854
0.017866
0.017878
0.017902
0.017914
0.017926
0.017951
0.017964
0.017976
0.018001
0.018014
0.018027
0.018053
0.018067
0.018080
0.018107
0.018120
0.018134
0.018161
0.018176
0.018190
0.018218
0.018232
0.018247
0.018275
0.018290
0.018305
0.018335
0.018350
0.018365
0.018395
0.018411
0.018426
0.018457
0.018473
0.018489
0.018521
0.018537
0.018553
0.018586
0.018603
0.018619
0.018652
0.018669
0.018686
0.018720
0.018737
0.018755
0.018789
0.018807
0.018825
0.018860
0.018878
0.018896
0.018932
0.018951
0.018969
0.019006
0.019025
0.019043
0.019081
0.019100
0.019119
0.019157
0.019177
0.019196
0.019235
0.019255
0.019275
0.019315
0.019335
0.019355
0.019395
0.019416
0.019437
0.019478
0.019499
0.019520
0.019561
0.019583
0.019604
0.019647
0.019668
0.019690
0.019733
0.019755
0.019777
0.019821
0.019844
0.019866
0.019911
0.019934
0.019956
0.020002
0.020025
0.020048
0.020094
0.020118
0.020141
0.020188
0.020212
0.020235
0.020283
0.020307
0.020331
0.020380
0.020404
0.020429
0.020478
0.020503
0.020528
0.020577
0.020603
0.020628
0.020678
0.020704
0.020730
0.020781
0.020807
0.020833
0.020885
0.020911
0.020937
0.020990
0.021017
0.021044
0.021097
0.021124
0.021151
0.021205
0.021233
0.021260
0.021315
0.021343
0.021370
0.021426
0.021454
0.021482
0.021539
0.021567
0.021596
0.021653
0.021682
0.021710
0.021768
0.021797
0.021826
0.021885
0.021915
0.021944
0.022003
0.022033
0.022063
0.022123
0.022154
0.022184
0.022244
0.022275
0.022306
0.022367
0.022398
0.022429
0.022491
0.022523
0.022554
0.022617
0.022649
0.022680
0.022744
0.022776
0.022808
0.022872
0.022905
0.022937
0.023002
0.023035
0.023068
0.023133
0.023167
0.023200
0.023266
0.023300
0.023333
0.023400
0.023434
0.023468
0.023536
0.023570
0.023605
0.023673
0.023708
0.023742
0.023812
0.023847
0.023882
0.023952
0.023987
0.024022
0.024093
0.024129
0.024165
0.024236
0.024272
0.024308
0.017092
0.017092
0.017093
0.017093
0.017093
0.017094
0.017095
0.017096
0.017098
0.017098
0.017101
0.017102
0.017104
0.017106
0.017108
0.017110
0.017114
0.017116
0.017118
0.017122
0.017125
0.017127
0.017132
0.017135
0.017138
0.017144
0.017147
0.017150
0.017157
0.017161
0.017164
0.017171
0.017176
0.017179
0.017187
0.017192
0.017196
0.017205
0.017209
0.017214
0.017223
0.017229
0.017233
0.017244
0.017249
0.017254
0.017265
0.017271
0.017277
0.017288
0.017295
0.017301
0.017313
0.017319
0.017326
0.017339
0.017346
0.017353
0.017366
0.017374
0.017381
0.017395
0.017403
0.017410
0.017425
0.017434
0.017441
0.017457
0.017466
0.017474
0.017490
0.017499
0.017508
0.017525
0.017534
0.017543
0.017561
0.017571
0.017580
0.017599
0.017608
0.017618
0.017638
0.017648
0.017658
0.017678
0.017689
0.017699
0.017720
0.017731
0.017741
0.017763
0.017774
0.017785
0.017808
0.017820
0.017831
0.017854
0.017866
0.017878
0.017902
0.017914
0.017926
0.017951
0.017964
0.017976
0.018001
0.018014
0.018027
0.018053
0.018067
0.018080
0.018107
0.018120
0.018134
0.018161
0.018176
0.018190
0.018218
0.018232
0.018247
0.018275
0.018290
0.018305
0.018335
0.018350
0.018365
0.018395
0.018411
0.018426
0.018457
0.018473
0.018489
0.018521
0.018537
0.018553
0.018586
0.018603
0.018619
0.018652
0.018669
0.018686
0.018720
0.018737
0.018755
0.018789
0.018807
0.018825
0.018860
0.018878
0.018896
0.018932
0.018951
0.018969
0.019006
0.019025
0.019043
0.019081
0.019100
0.019119
0.019157
0.019177
0.019196
0.019235
0.019255
0.019275
0.019315
0.019335
0.019355
0.019395
0.019416
0.019437
0.019478
0.019499
0.019520
0.019561
0.019583
0.019604
0.019647
0.019668
0.019690
0.019733
0.019755
0.019777
0.019821
0.019844
0.019866
0.019911
0.019934
0.019956
0.020002
0.020025
0.020048
0.020094
0.020118
0.020141
0.020188
0.020212
0.020235
0.020283
0.020307
0.020331
0.020380
0.020404
0.020429
0.020478
0.020503
0.020528
0.020577
0.020603
0.020628
0.020678
0.020704
0.020730
0.020781
0.020807
0.020833
0.020885
0.020911
0.020937
0.020990
0.021017
0.021044
0.021097
0.021124
0.021151
0.021205
0.021233
0.021260
0.021315
0.021343
0.021370
0.021426
0.021454
0.021482
0.021539
0.021567
0.021596
0.021653
0.021682
0.021710
0.021768
0.021797
0.021826
0.021885
0.021915
0.021944
0.022003
0.022033
0.022063
0.022123
0.022154
0.022184
0.022244
0.022275
0.022306
0.022367
0.022398
0.022429
0.022491
0.022523
0.022554
0.022617
0.022649
0.022680
0.022744
0.022776
0.022808
0.022872
0.022905
0.022937
0.023002
0.023035
0.023068
0.023133
0.023167
0.023200
0.023266
0.023300
0.023333
0.023400
0.023434
0.023468
0.023536
0.023570
0.023605
0.023673
0.023708
0.023742
0.023812
0.023847
0.023882
0.023952
0.023987
0.024022
0.024093
0.024129
0.024165
0.024236
0.024272
0.024308
0.017092
0.017092
0.017092
0.017093
0.017093
0.017093
0.017094
0.017095
0.017096
0.017098
0.017098
0.017101
0.017102
0.017104
0.017106
0.017108
0.017110
0.017114
0.017116
0.017118
0.017122
0.017125
0.017127
0.017132
0.017135
0.017138
0.017144
0.017147
0.017150
0.017157
0.017161
0.017164
0.017171
0.017176
0.017179
0.017187
0.017192
0.017196
0.017205
0.017209
0.017214
0.017223
0.017229
0.017233
0.017244
0.017249
0.017254
0.017265
0.017271
0.017277
0.017288
0.017295
0.017301
0.017313
0.017319
0.017326
0.017339
0.017346
0.017353
0.017366
0.017374
0.017381
0.017395
0.017403
0.017410
0.017425
0.017434
0.017441
0.017457
0.017466
0.017474
0.017490
0.017499
0.017508
0.017525
0.017534
0.017543
0.017561
0.017571
0.017580
0.017599
0.017608
0.017618
0.017638
0.017648
0.017658
0.017678
0.017689
0.017699
0.017720
0.017731
0.017741
0.017763
0.017774
0.017785
0.017808
0.017820
0.017831
0.017854
0.017866
0.017878
0.017902
0.017914
0.017926
0.017951
0.017964
0.017976
0.018001
0.018014
0.018027
0.018053
0.018067
0.018080
0.018107
0.018120
0.018134
0.018161
0.018176
0.018190
0.018218
0.018232
0.018247
0.018275
0.018290
0.018305
0.018335
0.018350
0.018365
0.018395
0.018411
0.018426
0.018457
0.018473
0.018489
0.018521
0.018537
0.018553
0.018586
0.018603
0.018619
0.018652
0.018669
0.018686
0.018720
0.018737
0.018755
0.018789
0.018807
0.018825
0.018860
0.018878
0.018896
0.018932
0.018951
0.018969
0.019006
0.019025
0.019043
0.019081
0.019100
0.019119
0.019157
0.019177
0.019196
0.019235
0.019255
0.019275
0.019315
0.019335
0.019355
0.019395
0.019416
0.019437
0.019478
0.019499
0.019520
0.019561
0.019583
0.019604
0.019647
0.019668
0.019690
0.019733
0.019755
0.019777
0.019821
0.019844
0.019866
0.019911
0.019934
0.019956
0.020002
0.020025
0.020048
0.020094
0.020118
0.020141
0.020188
0.020212
0.020235
0.020283
0.020307
0.020331
0.020380
0.020404
0.020429
0.020478
0.020503
0.020528
0.020577
0.020603
0.020628
0.020678
0.020704
0.020730
0.020781
0.020807
0.020833
0.020885
0.020911
0.020937
0.020990
0.021017
0.021044
0.021097
0.021124
0.021151
0.021205
0.021233
0.021260
0.021315
0.021343
0.021370
0.021426
0.021454
0.021482
0.021539
0.021567
0.021596
0.021653
0.021682
0.021710
0.021768
0.021797
0.021826
0.021885
0.021915
0.021944
0.022003
0.022033
0.022063
0.022123
0.022154
0.022184
0.022244
0.022275
0.022306
0.022367
0.022398
0.022429
0.022491
0.022523
0.022554
0.022617
0.022649
0.022680
0.022744
0.022776
0.022808
0.022872
0.022905
0.022937
0.023002
0.023035
0.023068
0.023133
0.023167
0.023200
0.023266
0.023300
0.023333
0.023400
0.023434
0.023468
0.023536
0.023570
0.023605
0.023673
0.023708
0.023742
0.023812
0.023847
0.023882
0.023952
0.023987
0.024022
0.024093
0.024129
0.024165
0.024236
0.024272
0.024308
0.017092
0.017092
0.017093
0.017093
0.017093
0.017094
0.017095
0.017096
0.017098
0.017098
0.017101
0.017102
0.017104
0.017106
0.017108
0.017110
0.017114
0.017116
0.017118
0.017122
0.017125
0.017127
0.017132
0.017135
0.017138
0.017144
0.017147
0.017150
0.017157
0.017161
0.017164
0.017171
0.017176
0.017179
0.017187
0.017192
0.017196
0.017205
0.017209
0.017214
0.017223
0.017229
0.017233
0.017244
0.017249
0.017254
0.017265
0.017271
0.017277
0.017288
0.017295
0.017301
0.017313
0.017319
0.017326
0.017339
0.017346
0.017353
0.017366
0.017374
0.017381
0.017395
0.017403
0.017410
0.017425
0.017434
0.017441
0.017457
0.017466
0.017474
0.017490
0.017499
0.017508
0.017525
0.017534
0.017543
0.017561
0.017571
0.017580
0.017599
0.017608
0.017618
0.017638
0.017648
0.017658
0.017678
0.017689
0.017699
0.017720
0.017731
0.017741
0.017763
0.017774
0.017785
0.017808
0.017820
0.017831
0.017854
0.017866
0.017878
0.017902
0.017914
0.017926
0.017951
0.017964
0.017976
0.018001
0.018014
0.018027
0.018053
0.018067
0.018080
0.018107
0.018120
0.018134
0.018161
0.018176
0.018190
0.018218
0.018232
0.018247
0.018275
0.018290
0.018305
0.018335
0.018350
0.018365
0.018395
0.018411
0.018426
0.018457
0.018473
0.018489
0.018521
0.018537
0.018553
0.018586
0.018603
0.018619
0.018652
0.018669
0.018686
0.018720
0.018737
0.018755
0.018789
0.018807
0.018825
0.018860
0.018878
0.018896
0.018932
0.018951
0.018969
0.019006
0.019025
0.019043
0.019081
0.019100
0.019119
0.019157
0.019177
0.019196
0.019235
0.019255
0.019275
0.019315
0.019335
0.019355
0.019395
0.019416
0.019437
0.019478
0.019499
0.019520
0.019561
0.019583
0.019604
0.019647
0.019668
0.019690
0.019733
0.019755
0.019777
0.019821
0.019844
0.019866
0.019911
0.019934
0.019956
0.020002
0.020025
0.020048
0.020094
0.020118
0.020141
0.020188
0.020212
0.020235
0.020283
0.020307
0.020331
0.020380
0.020404
0.020429
0.020478
0.020503
0.020528
0.020577
0.020603
0.020628
0.020678
0.020704
0.020730
0.020781
0.020807
0.020833
0.020885
0.020911
0.020937
0.020990
0.021017
0.021044
0.021097
0.021124
0.021151
0.021205
0.021233
0.021260
0.021315
0.021343
0.021370
0.021426
0.021454
0.021482
0.021539
0.021567
0.021596
0.021653
0.021682
0.021710
0.021768
0.021797
0.021826
0.021885
0.021915
0.021944
0.022003
0.022033
0.022063
0.022123
0.022154
0.022184
0.022244
0.022275
0.022306
0.022367
0.022398
0.022429
0.022491
0.022523
0.022554
0.022617
0.022649
0.022680
0.022744
0.022776
0.022808
0.022872
0.022905
0.022937
0.023002
0.023035
0.023068
0.023133
0.023167
0.023200
0.023266
0.023300
0.023333
0.023400
0.023434
0.023468
0.023536
0.023570
0.023605
0.023673
0.023708
0.023742
0.023812
0.023847
0.023882
0.023952
0.023987
0.024022
0.024093
0.024129
0.024165
0.024236
0.024272
0.024308
